"V2"	"V3"	"V4"	"V5"	"V6"	"V7"	"V8"	"V9"
"1"	0.719	0.000159217547067816	0.086507522825729	3.63145415220404	18.1883337256006	0.449961349662694	0.000503794034289552	404.965578222751
"2"	0.247	6e-05	0.00693147180559945	10.1547263598682	0.00734306766218841	0.0100182362835405	0.000447534830281982	588.221652949233
"3"	0.717	0.000167048564961261	0.0851236024829882	2.31521712196185	10.1813638416129	0.469782410588608	0.000518419908049986	355.407303829734
"4"	0.723	0.000159217547067816	0.0677511368245591	3.88148441017555	15.6772578244576	185.603415684627	0.00075241167783106	454.523852615769
"5"	0.721	0.000159217547067816	0.00693147180559945	6.06814155136248	23.816540288936	188.019005464147	0.000629783524280383	355.407303829734
"6"	0.711	0.000251991680872687	0.0607368799277474	4.01311022026811	0.10333046014787	0.00326322121188242	0.00042091830385674	425.350360704527
"7"	0.252	6.03055323116271e-05	0.0150899916989424	187.109994221343	0.001	4.96680652782794	0.000728294592734676	362.366259445391
"8"	0.715	0.000226741580298602	0.00693147180559945	8.57889637131346	3.30371856794781	0.602153763979653	0.000405644104755762	455.200712963196
"9"	0.722	0.000167721908245058	0.426841932824547	1.06002803964318	68.3795046634618	53.2367145307376	0.000745825715452791	418.529063627408
"10"	0.716	0.00020868022281547	0.0433255237569918	4.97112626771259	284.721209396868	0.0577194745574639	0.000440991948789355	355.407303829734
"11"	0.245	6e-05	0.00693147180559945	4.02376141048594	0.00620079476839444	0.0201140614614779	0.000465717627637598	510.785713960688
"12"	0.72	0.000242405049649719	0.143590071854415	2.37257459964581	10.2074906329175	170.24899716266	0.000609087483555593	418.529063627408
"13"	0.713	0.000278185509811685	0.613755339647689	68.5461088968445	0.168564718043444	0.0527495991093485	0.000408082974308041	437.449796384835
"14"	0.294	0.000219526463024994	0.266738971909828	99.5856805716748	0.001	0.181458488956342	0.000483916379969212	742.892908661318
"15"	0.718	0.000159217547067816	3.88436086615259	3.92869141926624	1.51379380050354	0.539580122162668	0.00048443135289564	404.965578222751
"16"	0.719	0.000211995977614795	0.00693147180559945	5.36378063226428	2.06707587512813	0.00112652474727671	0.000590395634181308	477.05189354155
"17"	0.716	0.00018789399146008	2.64345797271303	5.78526068832737	1.15032836495139	0.0538524485396056	0.000460465261628787	355.407303829734
"18"	0.723	0.000179144339156853	2.27181341570157	3.12073182639205	13.4816346943869	0.244918327449083	0.000745836796247815	400.460280550659
"19"	0.718	0.000175878706905924	2.56524518148187	4.51975242210561	213.47446276178	80.1808695538306	0.000570898142749547	356.981391798944
"20"	0.271	6e-05	0.00693147180559945	982.180110909908	8.76127649797972	0.290607276422366	0.00048195212324175	1025.41135142857
"21"	0.464	0.00017151344782959	1.89301378559232	9.41178661416551	0.001	3.59182113056103	0.0007701635	355.407303829734
"22"	0.27	6e-05	0.00693147180559945	42.0374954624577	0.335088806540018	0.131364144416541	0.000405644104755762	941.779343069538
"23"	0.716	0.000240638386853751	28.1133099042365	7.15484451094749	274.432473917874	0.047720410225181	0.000482959699722909	355.407303829734
"24"	0.722	0.000159217547067816	12.0915312909806	9.0702292617424	0.198249270105235	119.167080301951	0.000587903802377881	490.838877867281
"25"	0.716	0.00023617156877092	25.305252821925	5.9470511438121	21.5334434421307	0.148016161559567	0.000405644104755762	370.617389471495
"26"	0.239	6e-05	0.00693147180559945	6.05774955490529	0.00476753888076373	4.15148454159975	0.000514764518262398	505.82963761834
"27"	0.711	0.000226784656101402	13.1939161206938	6.99602647802579	0.00152528080353728	74.9557569647561	0.000405874146748356	357.850215015986
"28"	0.713	0.000212360307291807	16.3720670690103	47.4083480564767	0.0126324171204459	0.0136819574974157	0.000416054443957893	374.117530900724
"29"	0.721	0.000159217547067816	11.9809523784698	4.71450739227804	37.5235467728315	9.24749798754378	0.000587814808384901	468.454525113734
"30"	0.716	0.000708687801384055	0.0344973156644415	7.12149142997466	291.862169753169	0.46325047649755	0.000405644104755762	355.407303829734
"31"	0.717	0.000449804826237468	0.104083375035072	3.57349406759092	289.293280817626	90.0030147535843	0.000529987970212569	355.407303829734
"32"	0.722	0.000412679552194062	0.0694651762463989	1.23037830224549	5.00050750165989	0.018433793700182	0.000745914665991672	386.274830983234
"33"	0.712	0.000585979031210253	0.0229770352617361	60.3928245033112	1.90459866427543	0.0018198757196637	0.000407688075854493	543.853594759093
"34"	0.722	0.000515362163840256	0.446021125745062	1.25859903888837	289.597046767412	0.0204438822719201	0.000733909337006467	417.945684092985
"35"	0.251	6e-05	0.00693147180559945	2.71908061594325	0.00664182719448598	0.0181817318177419	0.000464515858951378	534.143526351843
"36"	0.72	0.000493274035835321	0.161017108874382	2.36054258512714	9.95023769985752	0.473960536293038	0.000577039835648327	426.937153639283
"37"	0.718	0.000438307107942138	0.614400935566477	4.61195144600204	18.0616925530423	6.9680519713374	0.000507533550654716	404.965578222751
"38"	0.723	0.000438307107942138	0.361656672565226	3.09984510122103	12.9012123637805	178.394957611922	0.000750149395482131	400.460280550659
"39"	0.258	6.11220130324586e-05	0.0147180914391905	76.4184290957613	0.001	1.3023644774642	0.000770065772391406	355.407303829734
"40"	0.716	0.000509008012493758	0.369684366467031	5.19956551748475	30.9261869945299	0.0470335959207145	0.000478457550916336	355.667766084541
"41"	0.291	6e-05	0.00693147180559945	171.350230535649	2.86410497358851	0.0110283938837102	0.000582783881786994	1037.3293394638
"42"	0.723	0.000408440757315127	1.89301378559232	3.56845484467598	230.594276004481	11.7283377876358	0.00075233053398185	416.616283027478
"43"	0.27	6e-05	0.00693147180559945	887.259384994893	9.86352541094198	0.0402392247178158	0.000476983255183196	1023.30788730836
"44"	0.716	0.000408440757315127	4.74726703699943	5.42504396046555	267.373080627684	7.85971892361204	0.000405644104755762	355.407303829734
"45"	0.718	0.000466635969991369	2.28490663558627	4.42568394741522	209.057654572507	80.0639656112345	0.000572035718994814	357.238329335385
"46"	0.712	0.000818900118908183	3.6261490267822	53.0836528755472	0.00684088938200787	0.00468571079097586	0.000415651365010292	552.004884700641
"47"	0.721	0.000408440757315127	16.1114291825086	4.19781053900167	271.038807131838	0.802289820256991	0.000405644104755762	442.134284017514
"48"	0.72	0.000408440757315127	8.82088827392752	4.99674159068656	290.952839593446	168.154915082661	0.000488524637189436	442.134284017514
"49"	0.724	0.00220249183445854	25.2752024502153	6.93819169203813	274.7343874956	126.270871743533	0.0007701635	473.613105356008
"50"	0.72	0.000457283660168231	25.4574676021874	0.310580812138926	0.192104545628529	13.0280576257333	0.000745597134494025	355.407303829734
"51"	0.721	0.000494071992061316	14.8541778284191	0.462368455350098	33.531051780296	0.0828856205552068	0.000762704998582834	355.407303829734
"52"	0.721	0.000408440757315127	16.7201369325679	4.71450739227804	37.6048625868094	0.427577926388425	0.000587892678128759	468.454525113734
"53"	0.719	0.00103446115755261	0.0787998797778586	3.29229967874075	5.41098130282077	7.98313174541114	0.000518388209353869	404.965578222751
"54"	0.724	0.00103446115755261	0.0470954015351011	3.92515320148703	20.3824663623216	108.833027007707	0.0007701635	423.689734654744
"55"	0.255	6e-05	0.00693147180559945	2.70089359949327	0.00884783330331808	0.019847081354369	0.000463331747863817	582.598804563461
"56"	0.249	6e-05	0.00700806810430306	3.96631483543256	0.00754141346126363	67.9422816201626	0.000454145781832571	566.057521252166
"57"	0.241	6e-05	0.00693147180559945	3.9135179179222	0.00435380903995467	66.9834711254293	0.000537928243818326	484.343181419369
"58"	0.716	0.00147250087026506	0.111432909164547	5.38235520584192	268.390178969911	5.21344626481749	0.000410838901562169	355.407303829734
"59"	0.71	0.00103233928915276	0.0407286042847962	7.92975266840625	0.0796443176403324	0.00205004417195415	0.000405806941000124	441.279231412343
"60"	0.28	6e-05	0.00693147180559945	895.605418335404	13.546111706804	344.703328368509	0.000539828047471918	1025.41135142857
"61"	0.711	0.00178400756428513	0.0494347235930379	87.1311114745473	0.181586905238184	0.219513006731107	0.000410062415266191	456.789519479195
"62"	0.722	0.000821832395400253	0.349658772551057	2.04569427954346	0.238498515055656	0.018036245607466	0.000721665831983344	427.014723013487
"63"	0.723	0.00111798639962854	0.39063581539935	2.86052609318017	185.623316584126	12.8764435354672	0.000753563819151886	404.965578222751
"64"	0.716	0.000154080585297863	0.414865455265512	3.14952008106141	165.538005884956	0.0195824657281939	0.000448950344305343	355.407303829734
"65"	0.271	6e-05	0.00693147180559945	982.180110909908	8.76741482880394	0.727523681140613	0.00048195212324175	1025.41135142857
"66"	0.716	0.00118537857978933	0.608967974144388	6.16889191049337	29.4713699769375	0.464573018395587	0.000477603103633738	355.407303829734
"67"	0.286	6e-05	0.00693147180559945	106.926235096214	1.67837753143243	0.0313879067378098	0.000537926702184583	1017.04579696827
"68"	0.717	0.00116162612330749	3.92168196186324	4.25077375440847	1.34788757808309	53.8935170360581	0.000491122578570971	364.56613514169
"69"	0.72	0.00103446115755261	3.61399796842662	10.4479951374036	3.23167557325134	106.458726424177	0.000527397419162404	450.165928083244
"70"	0.713	0.00236548490570079	3.17575619457079	23.4255456805812	0.00313746750765667	0.0139027685331544	0.00043611798430187	444.785246598836
"71"	0.336	0.000254975020519868	1.92560894277514	867.585730392211	0.00745816111163983	18.0269092220431	0.0007701635	966.068148040396
"72"	0.722	0.00103446115755261	12.5680959338865	3.57070124296615	1.37754543194888	0.0412846738870399	0.000655686775401092	471.031235995557
"73"	0.722	0.000343103590014738	14.5452846041763	2.85925928498444	14.8766720735801	0.0186515594871478	0.000720337834377719	406.763049199194
"74"	0.719	0.00213918090252604	15.3030507426847	5.32151097210702	1.71786675697066	0.821329469985417	0.000468838592595082	421.017061050945
"75"	0.72	0.00164048590225149	29.9670838349316	6.10534575572836	22.1326994623566	0.595185742609281	0.000610686264580646	387.729284064014
"76"	0.256	6e-05	0.00693147180559945	2.10367220603778	0.00767648645703598	0.00179451914250413	0.000515721284245946	559.519704136751
"77"	0.29	6e-05	0.00693147180559945	115.827399203159	1.90931732958433	0.106126139903132	0.000572206972681409	1024.88454660822
"78"	0.283	6e-05	0.00693147180559945	800.219647144973	13.0109201461836	0.0347724456117145	0.000546685140377693	1025.41135142857
"79"	0.296	6e-05	0.00693147180559945	2.94507961308669	0.0361145413518931	2.62213025852794	0.000508265364274428	977.067630042304
"80"	0.716	0.00386735412460996	0.0530345974843867	5.43716193099709	268.448178018315	0.406005586287487	0.000408258878596559	355.407303829734
"81"	0.723	0.00314274458582099	0.0485031000739705	2.34679687306506	124.89260686185	6.77351155650747	0.0007701635	409.470875894844
"82"	0.312	6e-05	0.0670433301930307	4.27115260175133	0.0113451881488661	6.78114709676679	0.000495450881645282	855.795065471501
"83"	0.723	0.00391808931365163	0.0180143891412083	23.7483591888782	0.457852251465809	0.0206769904470556	0.000743368934805916	557.072419435824
"84"	0.716	0.00309311426096675	0.381776252179852	3.57104810616985	1.3787935141865	0.560131701383597	0.000473656554137554	355.408959079505
"85"	0.724	0.00275989302332099	0.32516183304431	4.12624898024804	265.349927538161	13.3199063149287	0.0007701635	442.134284017514
"86"	0.723	0.00312052971385846	0.373972271877133	3.10754537793594	165.518669337599	0.285614615522837	0.000741500582121574	400.460280550659
"87"	0.3	6e-05	0.00693147180559945	18.5235460240866	0.358025579660624	0.0266460117260016	0.000578427203287385	995.32825241102
"88"	0.713	0.000166091999848512	0.551300469594863	59.7135735276354	0.155073588506787	0.0163224428953606	0.000406044929940794	510.149875771676
"89"	0.716	0.00417890896399448	5.34013914830128	5.55172400868362	28.5479394616867	0.0321574438372966	0.000414972333820084	355.407303829734
"90"	0.721	0.00300248452040587	3.50540741907278	7.14543451914596	292.201983331471	9.54624524849512	0.000405644104755762	455.200712963196
"91"	0.247	6e-05	0.00693147180559945	2.75942518394615	0.00543038961535158	73.7196416197429	0.000528671865619922	528.729631439462
"92"	0.255	6e-05	0.00693147180559945	1.8651497226643	0.00621170461483717	0.197183278207042	0.00056166476843155	529.103502895621
"93"	0.302	6e-05	6.47439189969818	53.3970118968856	0.001	0.0383123575390071	0.00052184801108881	1017.19128589572
"94"	0.272	6e-05	0.00693147180559945	30.5929597271173	0.270038538488802	7.06981612009138	0.000406673425252008	942.740433868021
"95"	0.28	6e-05	0.00693147180559945	177.455560555568	2.39662171596358	0.11937716647135	0.000510115308784736	999.684039127763
"96"	0.716	0.00288159665266115	15.0964553383313	4.99416113349548	1.92570599655252	0.0306023927945085	0.000487266413867893	355.408169802963
"97"	0.719	0.00257426802332099	13.0715627258551	9.99561012765848	295.471113384315	10.7051034133299	0.000480120952630523	434.776876130834
"98"	0.716	0.00347008184673398	26.2584682210396	9.25895019101485	4.55291132775007	0.508233073986142	0.000424880084522577	357.863433989854
"99"	0.278	6e-05	0.00693147180559945	96.2553061696931	0.032985731520819	0.0256999170492246	0.000411310489496844	959.348692486517
"100"	0.713	0.00287943845349641	3.75267361835979	32.1141777611193	0.00388999254879143	0.541810056497569	0.000405644104755762	434.387169936144
