"X1"	"X2"	"X3"	"X4"
"1"	0.229	7.76979537404151e-05	344.774734925124	97.7652547910014
"2"	0.228	8.19943202706139e-05	173.566416633591	0
"3"	0.236	0.000164562193232518	0.083889745319841	751.751500918762
"4"	0.227	0.00010816101411216	0.109377142459392	424.617530303977
"5"	0.217	0.000100621501656222	0.0414254110612383	0
"6"	0.252	0.000260305768671137	0.0484875564131442	1354.3616222184
"7"	0.231	0.000178024972040007	0.0304094959564527	383.012586705802
"8"	0.258	0.00028582040451478	0.0490372641474169	1408.91104700613
"9"	0.254	0.000272507882081514	0.044865018883277	1341.95152210937
"10"	0.249	0.000135001910277167	1.48942056549015	948.832483617719
"11"	0.218	0.000112377476136016	0.0485573414037531	67.5746103518915
"12"	0.257	0.000157858326046775	39.3434019898103	1313.15290477495
"13"	0.261	0.000162226720555322	24.474747702768	1438.38502847178
"14"	0.229	8.34766093041808e-05	17.1969875691617	83.0879878577049
"15"	0.235	0.000114774816971081	42.2727057840524	271.057227611484
"16"	0.229	7.73982138390359e-05	364.738239537361	52.0547807872491
"17"	0.228	7.73714195308237e-05	38.9095847758824	3.40414464052221
"18"	0.266	0.000225072836885549	612.108793862141	1307.11248531929
"19"	0.232	0.000102401194856955	680.195180659063	156.386909604079
"20"	0.231	9.38818952126664e-05	892.316111783072	207.130031625115
"21"	0.229	8.88299599902174e-05	672.289486648153	17.0219661222353
"22"	0.229	0.000168543577192691	0.0378761524253557	482.986209883071
"23"	0.451	0.00193071726716394	0.268106106013092	3308.66114171613
"24"	0.452	0.00162835907352629	1.25544005161579	4086.97134371327
"25"	0.234	0.000185402414377024	0.0449291520346118	573.486203954007
"26"	0.251	0.000162803657411293	0.812520149436075	1113.09806219482
"27"	0.311	0.00037749145308265	106.051815954874	2056.89706766169
"28"	0.232	0.000100718554146626	53.6862585326549	236.505447612133
"29"	0.256	0.000180343055132703	122.593098773606	1083.73506326563
"30"	0.288	0.000248493899157931	254.024140316669	2089.73791786391
"31"	0.465	0.00197952148128972	905.960719236632	4142.66227332329
"32"	0.252	0.000168676666172648	757.70052046479	578.779812961915
"33"	0.465	0.0019718050404652	823.51653724554	4128.90931828636
"34"	0.262	0.000206533211912283	500.995686372154	1185.46833676853
"35"	0.23	9.30941561812153e-05	300.298628876965	126.903340668445
"36"	0.228	8.16227987283881e-05	391.107070958946	4.21493120281099
"37"	0.258	0.000176128710729971	1.18267376856079	1404.568584011
"38"	0.261	0.000238472158322727	0.274188857322471	1373.47714811069
"39"	0.252	0.000250777918399432	0.0735912974044838	1354.88895756245
"40"	0.243	0.000200523808293103	0.0865390760051633	1145.08502010202
"41"	0.239	0.00020048391305962	0.0447677663612748	998.942205848514
"42"	0.241	0.000210756825303058	0.0370844221930475	1066.42027602033
"43"	0.218	0.00010570277977519	0.0558504727867386	66.4299111055887
"44"	0.238	0.000197024864248895	0.0421157751872094	538.858422458726
"45"	0.228	7.7338788488849e-05	14.6786769263915	7.38843485884458
"46"	0.227	9.10882082830168e-05	0.585827399577919	21.2344048033223
"47"	0.258	0.00018894619184551	19.1441573004793	1252.54280659814
"48"	0.259	0.000180626783412409	17.4149287943945	1357.1150436796
"49"	0.341	0.000328109858330357	901.131497164044	2979.83258376647
"50"	0.23	8.35208032487019e-05	558.447936849291	169.993475565508
"51"	0.255	0.00017263480710189	780.151257860332	1109.56170140768
"52"	0.229	7.87522785915797e-05	376.862041613656	109.178450609703
"53"	0.218	0.000111665669767106	0.0473212214308794	82.0584318143442
"54"	0.254	0.000174627865366769	0.202200264601713	1431.20989556113
"55"	0.22	0.000123386265872317	0.040719615074186	218.134794449038
"56"	0.218	0.000110624024840042	0.0370974210467668	54.8716296332033
"57"	0.24	0.000191884474003787	0.0686464055265924	1074.93837352653
"58"	0.22	0.000123927085818251	0.0308485410755889	179.279161399493
"59"	0.268	0.000243203433176881	0.858583372744012	1392.38598996187
"60"	0.298	0.00032756353521774	9.22679498071434	1885.69732170726
"61"	0.252	0.00015315540772637	45.1958198725289	915.506364176471
"62"	0.253	0.000170285235098455	41.89821769808	532.09594421907
"63"	0.292	0.000244132326417492	123.876515232798	2174.17769056888
"64"	0.303	0.000346628756966591	714.004412207996	2042.69237417679
"65"	0.359	0.000559296417701944	936.590539261887	2301.09838738561
"66"	0.252	0.000153856193930098	114.851912342206	1086.32859933746
"67"	0.229	8.10673463067252e-05	632.04768448626	51.1626742640362
"68"	0.229	8.06767790018928e-05	544.509200768193	116.192692178139
"69"	0.228	7.56121411518823e-05	423.667420585934	28.9785543064841
"70"	0.217	0.000100734996964277	0.0382120262080223	12.3698065771104
"71"	0.237	0.000130158536755098	0.83807663883381	352.332924799439
"72"	0.217	0.00010556243498691	0.0462416550010357	0
"73"	0.237	0.000175815395077636	0.0546643717197195	978.928000837035
"74"	0.217	0.000100987072690092	0.0395526510525798	6.46978926770809
"75"	0.257	0.000153364813393726	5.17866174797327	1314.57852153549
"76"	0.228	7.26878166655373e-05	3.26484267500798	2.68256653965749
"77"	0.228	8.02054112127871e-05	23.230949154017	0
"78"	0.228	7.40877904896937e-05	7.94057392184244	35.4579515550786
"79"	0.275	0.000243934791186666	783.937719689822	1663.65666456513
"80"	0.251	0.000138533098348461	819.819859698391	1049.75656558116
"81"	0.456	0.000826379139787955	0.616323125637775	4639.63069832267
"82"	0.217	0.000104390651588276	0.0360389594737904	0
"83"	0.238	0.00017024878060039	0.0549314312815764	1062.15712905553
"84"	0.217	0.000103831891912242	0.0495315416317612	2.32994909898465
"85"	0.23	8.55372120040781e-05	1.91408781088542	236.30080402837
"86"	0.23	8.14619466027674e-05	10.7596416798746	185.192827000216
"87"	0.252	0.000166808120589537	986.316820641536	543.30705049631
"88"	0.256	0.000160192996152149	410.404547915532	1272.98440299874
"89"	0.229	7.89083287871029e-05	775.099312383943	105.585313895159
"90"	0.228	7.30339198609914e-05	644.050384265112	10.6846325438782
"91"	0.228	7.15773975778706e-05	647.437902996972	9.9765139862751
"92"	0.228	7.57262301338917e-05	678.240120964462	40.0424245209444
"93"	0.223	0.000112851311560546	0.0150077578600564	23.3089108256291
"94"	0.223	0.000108988140966674	0.0140333615955218	0.377865675953028
"95"	0.255	0.000267506755410722	0.0693478172555014	1359.61942531101
"96"	0.219	0.00010281581559211	0.0257995690833185	10.9280155341591
"97"	0.218	0.000107728921252614	0.0566855135205777	28.3215418752863
"98"	0.218	0.000112286995469296	0.0407579299402631	58.2007154422263
"99"	0.22	0.000119883411833616	0.0457588325781781	196.355164131514
"100"	0.227	7.13269414600826e-05	0.741842645518447	0
