"X1"	"X2"	"X3"	"X4"
"1"	0.445	0.000459466928515721	633.966459362694	4.22510688472441
"2"	0.445	0.000437486019846783	989.704918685045	3.4035029596681
"3"	0.438	0.000498263239338128	0.292309790352935	0.688126759943996
"4"	0.443	0.000469258479853178	0.894428872763243	6.47870851556345
"5"	0.429	0.000587459662730318	0.0400495774592042	1.67897754833776
"6"	0.442	0.000466819130579963	0.72068798149483	0.556416607590173
"7"	0.428	0.000558655184448693	0.0600685594280145	2.64358818605537
"8"	0.444	0.000447388068100973	1.59177222245406	4.77331858749599
"9"	0.444	0.000426168598209448	1.87926475580667	5.06298081015104
"10"	0.428	0.000572145507703472	0.0669894354549871	2.30928629268045
"11"	0.428	0.000549768251228158	0.0565574047798721	8.45918919865461
"12"	0.444	0.000432102363238759	4.16399096932939	0.984687992543269
"13"	0.445	0.000440123033017326	33.5713574436242	12.4963952445463
"14"	0.445	0.000468717609207882	29.575763963346	4.15764507293287
"15"	0.445	0.000436441177492667	270.926586950331	4.23350904243704
"16"	0.445	0.000434206378077156	572.471546058911	0
"17"	0.445	0.000450966401883116	357.279076125638	1.68123572651646
"18"	0.445	0.00045424675629406	109.285249237017	4.83350598027941
"19"	0.445	0.000404939062754501	208.812781265314	5.86782708862953
"20"	0.445	0.000419821793767217	926.021393523557	12.5852333571301
"21"	0.445	0.000444187313069978	230.567565816332	7.14607930855658
"22"	0.447	0.00106257770138169	0.0505972846217591	2.06789464432224
"23"	0.491	0.00199332165805418	0.544568139532964	107.383198017529
"24"	0.502	0.00196024996972518	3.06784748334056	78.8112748508201
"25"	0.502	0.00199406360777197	3.06466779303415	98.1155163322569
"26"	0.444	0.000443616329878175	4.71531642864234	2.00427348904396
"27"	0.445	0.000445678596195176	10.8643002949408	7.18649288098108
"28"	0.445	0.000468559602998106	188.015766641216	1.22737349609032
"29"	0.504	0.00195290503478238	728.4416785215	146.866248336545
"30"	0.504	0.0019688686398185	969.724286325577	136.896198516304
"31"	0.445	0.000449722573729084	967.655376811586	1.59190250544111
"32"	0.504	0.00198006558477012	903.877732606432	179.374546017894
"33"	0.445	0.000450926810158508	653.929401638371	4.10922223099422
"34"	0.507	0.00199686027587193	918.827341990645	0
"35"	0.445	0.000466854013725974	132.292133558003	0
"36"	0.445	0.000466150567833256	911.822507761034	4.44812007841858
"37"	0.444	0.000440881515616681	2.58555486071881	5.95671748608801
"38"	0.444	0.000466250501112832	1.64724355851329	6.30679807187998
"39"	0.497	0.00197890739569516	1.0600638750652	92.923355805619
"40"	0.497	0.00198271943552412	1.00300900765307	54.5141038075759
"41"	0.503	0.00198850604621285	5.23057473238416	179.377197026886
"42"	0.444	0.000445359054332108	3.10260270809005	3.09428356415529
"43"	0.443	0.000438389893016785	0.988646550466619	5.80661866163665
"44"	0.444	0.000454214137203257	3.31910316704181	2.90228467177112
"45"	0.445	0.000456699280613668	31.9350009286224	3.20907740929038
"46"	0.444	0.000431412575577981	5.40979672612001	1.23105183874658
"47"	0.505	0.00195304830822071	108.70258227996	42.9695590306732
"48"	0.505	0.00196093361633229	75.659656075422	52.4909142978891
"49"	0.445	0.00043920560813407	973.360349992212	7.19458314483109
"50"	0.445	0.000471504937228682	950.964941345856	1.50883416699074
"51"	0.445	0.000456522335820223	948.804710213586	4.78532932357827
"52"	0.445	0.000434694698617874	930.867913843868	1.74547298170037
"53"	0.459	0.00186956070234167	0.0620860288820445	3.34823874860078
"54"	0.442	0.00047986908205565	0.643078212945296	5.24489517059463
"55"	0.428	0.000519684728195343	0.0616399273871441	1.36140080195651
"56"	0.428	0.000519697494127661	0.0616374888655888	1.15186998501077
"57"	0.46	0.00193042242904107	0.0750379547189587	2.91359415942195
"58"	0.428	0.000530989428982795	0.059310956371533	1.44307355927725
"59"	0.444	0.000451123709997403	3.93791799354823	0.684462005557633
"60"	0.445	0.000429262139953542	14.6121317567756	7.41875232824998
"61"	1.008	0.00158459784799936	23.7241388817353	6535.16599171244
"62"	0.445	0.000402468020959776	188.374645871109	4.797792543175
"63"	0.445	0.000434769062010835	191.138367869725	6.41976129498516
"64"	0.445	0.000426561122861548	349.425900356042	7.70869597048617
"65"	0.445	0.000414986748958273	447.816660972846	0
"66"	0.445	0.000459572011529404	314.519612989574	3.14356245100547
"67"	0.445	0.000434625425280117	862.478952371263	7.36628038535429
"68"	0.445	0.000420444761389184	546.540470948148	4.0222884418775
"69"	0.445	0.000453139975921165	588.974965637012	1.44846788603248
"70"	0.432	0.000584732650051675	0.0301457592269334	0.174294681793692
"71"	0.442	0.000465207426961543	0.729329517061322	3.98825097363449
"72"	0.431	0.000537219725178259	0.114456162247172	3.65718167850978
"73"	0.441	0.00044531229585075	0.551643152777631	0.463048631818929
"74"	0.445	0.000438602461625135	15.5087528437878	4.3002259771171
"75"	0.444	0.00043641489522179	7.22565761246695	0.56611052082529
"76"	0.444	0.000437720248269924	4.78006717658525	1.52238622753097
"77"	0.445	0.000426029781081952	95.5276420085765	5.78852757871597
"78"	0.445	0.000453586019262635	33.5530356761484	2.34829092121424
"79"	0.445	0.000418984906130089	925.64890207552	6.91283150280835
"80"	0.445	0.000437124312564214	930.711070609741	7.02217146994875
"81"	0.44	0.000477702226340512	0.436768362577147	0.407939021296293
"82"	0.428	0.000559556330478912	0.0659320995074722	5.64894288527476
"83"	0.443	0.000454781844219061	0.910096763693026	6.34107821496956
"84"	0.431	0.000504002593795213	0.112714501486936	0.378937644434695
"85"	0.428	0.000569955874992444	0.072687932679547	1.67292326316342
"86"	0.445	0.000391170342721847	11.9466610009114	0.71455323825239
"87"	0.445	0.000470166291514662	866.217143494328	1.62566903072066
"88"	0.445	0.000393644975231531	28.3816677590243	0.599428528474234
"89"	0.445	0.000425901826135002	833.478799690216	2.95802962373611
"90"	0.445	0.000417041769010508	819.838829101628	2.9123028703507
"91"	0.445	0.000442913934166894	624.105772885317	4.07933456897377
"92"	0.445	0.000448508271480173	631.46442138589	5.70831948578172
"93"	0.431	0.000550542881625007	0.0326653661189406	1.43816197008246
"94"	0.428	0.000550620499333002	0.0490928485229799	3.78556500926156
"95"	0.444	0.000434925126198113	2.03206600402501	5.6746585569599
"96"	0.429	0.000557676065054211	0.0392554738723522	1.19300870524799
"97"	0.434	0.000540154051074966	0.153974873189622	5.23822419968096
"98"	0.428	0.0005414270748775	0.0502015851425248	3.39463451519084
"99"	0.428	0.000541409386154328	0.0561442097853148	1.28524678833631
"100"	0.428	0.000551547591000167	0.0717668012548378	0.717811995709041
