"X1"	"X2"	"X3"	"X4"
"1"	0.407	0.00122030193315932	653.405347425478	3189.49026647682
"2"	0.407	0.0011819918298108	986.346885699746	3096.30160109545
"3"	0.306	0.000910035563774552	0.0165246444950318	2981.94692317475
"4"	0.307	0.000933092477401211	0.0210369838281593	2995.14704189607
"5"	0.308	0.000528534713433187	0.00507473939570409	2395.9820000997
"6"	0.315	0.00129743065664493	0.0254648359078636	3111.56795348298
"7"	0.311	0.000444238137772394	0.00665155737112007	2234.58705495156
"8"	0.318	0.00144915359276459	0.0281097202306237	3120.62679501287
"9"	0.318	0.00141965926948347	0.0263965456554167	3135.55038763385
"10"	0.312	0.000432283722222874	0.0058201387381769	2222.06450850066
"11"	0.313	0.000493235198652584	0.001	2461.08375125687
"12"	0.311	0.00106557537384141	0.0234354511797237	3001.40407289005
"13"	0.411	0.00154650609033778	31.5925046839418	3265.42264229598
"14"	0.408	0.00130077766544051	27.015351056775	3157.7605665711
"15"	0.406	0.00112630223800414	73.2049798048319	3156.33710543215
"16"	0.406	0.00111169542604609	422.968990112965	3138.61737966031
"17"	0.395	0.000359905831024215	269.432720148156	1565.64394353355
"18"	0.407	0.00122879411093421	401.020282339322	3171.79160207892
"19"	0.401	0.0001694704746185	226.025444967923	76.5124886017034
"20"	0.401	0.000164714287795028	917.348270460894	104.233097904677
"21"	0.401	0.000166260907807167	227.91560000829	77.9503252125518
"22"	0.316	0.000416635996954418	0.0131300915403974	2141.04373361556
"23"	0.325	0.00163289922044271	0.0207500645041681	3150.23756020218
"24"	0.411	0.00198900646079496	1.68641354003413	3271.55034476078
"25"	0.39	0.00017937887090804	0.0605063650082746	266.731152257996
"26"	0.318	0.000375844043666045	0.00134815442565768	2234.05723599489
"27"	0.416	0.00195485627538578	166.030680867584	3302.90305574446
"28"	0.401	0.00024532269641053	89.3342298762854	584.196104378878
"29"	0.403	0.000826212049542506	307.095265599715	2509.91726430539
"30"	0.416	0.0019489245798412	734.010419743634	3290.26057815201
"31"	0.416	0.00196468233311384	877.319074975762	3317.78297003756
"32"	0.416	0.00199352226894446	962.786527745382	3306.62553465199
"33"	0.4	0.000174658342490009	657.820776578011	197.02764960151
"34"	0.416	0.0019882022265296	151.02749132954	3295.6787121928
"35"	0.325	0.000326235722623208	0.00105447081940681	2000.25141164135
"36"	0.402	0.000148262840123593	437.445207303154	44.3756178634883
"37"	0.376	0.00198613365693844	0.188520973813229	3283.80202331306
"38"	0.328	0.00198425305409755	0.036741442710667	3218.56102125444
"39"	0.328	0.00199779804777498	0.0357922014380066	3197.39963353886
"40"	0.308	0.000957895124797833	0.0240249507697579	2988.72468736304
"41"	0.326	0.00184413662384623	0.0310538108439582	3196.81585476225
"42"	0.309	0.000473474462942547	0.00850120757705338	2278.17153991367
"43"	0.391	0.000199305155016658	0.0562231235830014	65.643902110002
"44"	0.304	0.0008158903969834	0.018057316426662	2877.83858575331
"45"	0.41	0.00147430968816452	27.458729915469	3199.52277252835
"46"	0.329	0.000311499118250828	0.001	1969.68291886056
"47"	0.416	0.00196961456849467	75.5067958034464	3304.91027122851
"48"	0.416	0.00196908629250877	75.6154200368652	3316.65688988929
"49"	0.416	0.00193381613572622	913.701357513365	3283.29327808382
"50"	0.399	0.000267374005863605	907.403256741413	1193.39872081745
"51"	0.411	0.00152925670319836	981.822726914708	3251.88527995665
"52"	0.387	0.000158896603725797	0.00103229657668388	1255.23730656125
"53"	0.316	0.00134901559816381	0.0248792188100898	3073.95329878791
"54"	0.307	0.000965915775386671	0.0175985309606088	2958.02303058353
"55"	0.313	0.00042962012671254	0.00235423511487271	2201.14417978272
"56"	0.317	0.000387439040320304	0.00334251984433102	2068.53812094265
"57"	0.305	0.00085579556115268	0.0168943362937912	2930.33926999336
"58"	0.314	0.00041318599153476	0.00400114191219095	2183.15678158895
"59"	0.397	0.00194390448428247	0.468177191146214	3289.46709471225
"60"	0.414	0.00186706717839643	9.01106290919824	3287.72971757802
"61"	0.409	0.00134897583904254	53.8028823972921	3201.17408022206
"62"	0.408	0.00132338907756377	91.407051065008	3186.61359139812
"63"	0.409	0.00132592856712554	194.510983612844	3228.21482215407
"64"	0.409	0.00134084844697306	996.784735071936	3211.40568201268
"65"	0.411	0.00151208137637241	944.574774883564	3269.07248475241
"66"	0.393	0.000585912422984901	204.009151872958	2349.72811469956
"67"	0.408	0.00128532644364724	764.813527111189	3213.50298444158
"68"	0.401	0.000169661379336142	241.116029638057	104.004856372678
"69"	0.323	0.000337219764802727	0.00103545892956191	1986.52318006336
"70"	0.309	0.000467549598904678	0.00789283455257419	2259.52390771588
"71"	0.306	0.000895423985152047	0.0199069236845105	2976.11051024065
"72"	0.328	0.001973703271729	0.0309166127648676	3177.46645577529
"73"	0.317	0.00132323515309403	0.0314486871556983	3094.78006605864
"74"	0.407	0.00134288313260707	4.21285437914651	3156.92813587662
"75"	0.407	0.00132898369561209	4.70257763656106	3240.40950411837
"76"	0.401	0.000152762850168701	2.18716693431849	2.61367616275068
"77"	0.416	0.00199479218558962	95.1839745213069	3325.05810664084
"78"	0.395	0.000385076012825333	19.2982664711165	1693.08119093776
"79"	0.414	0.00174626810721334	886.707583585145	3291.52153463859
"80"	0.407	0.00116471337289528	764.757347817238	3161.14708822939
"81"	0.304	0.000831170955286378	0.0177178058592767	2894.1207666461
"82"	0.306	0.000918039670964862	0.0187073504331608	2972.86467010017
"83"	0.317	0.00135070626432314	0.030327543379691	3093.47754372663
"84"	0.304	0.000841956021360675	0.0149997767927693	2900.63780370355
"85"	0.311	0.000455962817875513	0.0073988526926143	2342.22515048157
"86"	0.407	0.0012770709491432	10.9559008436644	3210.54310997419
"87"	0.408	0.00130532327699498	493.232543700857	3186.1175097401
"88"	0.41	0.0014309410225968	155.192515425354	3212.65650010969
"89"	0.4	0.000209195522853907	947.605027847964	418.453162481247
"90"	0.304	0.000720834817214504	0.0157885364499374	2800.19215815457
"91"	0.304	0.000736202068987468	0.0171678703962557	2816.87333127975
"92"	0.413	0.00164354026592981	890.407806668241	3304.61541032496
"93"	0.307	0.000528221294488236	0.00880753489051507	2329.35918955623
"94"	0.311	0.000463589082990372	0.00902109776754432	2120.09230970186
"95"	0.311	0.00100810394604215	0.0285244000680006	2973.56527824113
"96"	0.307	0.000517290549073099	0.00811331363098847	2290.10273353651
"97"	0.314	0.00115371572400549	0.0265115932240285	3009.78653390253
"98"	0.321	0.000346823969868556	0.001	2055.9813605916
"99"	0.312	0.000443110953682902	0.00599094902571102	2128.06168127395
"100"	0.305	0.000886624677927191	0.0189838891883449	2914.42659062367
