"X1"	"X2"	"X3"	"X4"
"1"	0.125	0.000496704780618031	255.883123667246	4041.36644731914
"2"	0.178	0.000767483172072074	515.446032590128	4727.76348066214
"3"	0.122	0.000418188420665016	1.54260187591643	3864.85903014811
"4"	0.157	0.000737727944952461	0.634890951381509	4178.29535857814
"5"	0.119	0.00028321590442714	0.878377030062661	3208.87310234549
"6"	0.126	0.000466361842580335	0.446375577241192	3945.49095954913
"7"	0.119	0.000263733147787035	1.54429327886598	3179.03832122825
"8"	0.124	0.000477834504419698	1.0866818927243	3951.89679793108
"9"	0.123	0.000442712484342547	1.2252720039114	3891.49869646152
"10"	0.119	0.000268229403773463	1.82729896542866	3134.34653560835
"11"	0.179	7.20122906413966e-05	3.40999115891446	1521.75974870008
"12"	0.185	0.000947161507606507	29.3169649189713	4773.27422760851
"13"	0.123	0.000462697628936976	21.4084635527933	3987.62600797182
"14"	0.126	0.000509975600507145	16.738457383678	4064.51288332017
"15"	0.122	0.000452369934187946	71.3100258014621	3937.6886816301
"16"	0.117	0.00028098466381036	227.262337594311	3270.81509703404
"17"	0.118	0.000271590382589414	111.472067386883	3172.48573183841
"18"	0.123	0.000465984952625542	832.160425040047	4002.06261858128
"19"	0.127	0.000200209302887341	324.79234691479	2975.70172206499
"20"	0.138	0.000160207329552808	769.501488981551	2522.14146986208
"21"	0.125	0.000210614818710039	841.47110928441	2986.63722466543
"22"	0.161	0.000185043909174894	0.0685040551457534	2831.40501330783
"23"	0.224	0.00199484711479175	0.617083163130355	5059.41419533019
"24"	0.136	0.000212398889082609	0.178850297370704	2968.77345972467
"25"	0.126	0.000373271223324299	0.475378536263678	3639.20591661603
"26"	0.15	0.000119843334238903	0.692604868627384	2417.19639027646
"27"	0.188	0.00100208077786764	135.659375013688	4837.26717280484
"28"	0.131	0.000182919454566144	21.7085181246706	2834.80798185517
"29"	0.123	0.000223913548628876	81.3499791995883	3008.7034067139
"30"	0.141	0.000642884341712932	236.41674956331	4197.08629697772
"31"	0.181	0.000874678687631228	928.2322388603	4729.81806577774
"32"	0.122	0.000405270693081969	981.977847223169	3856.09918804039
"33"	0.223	0.00196616604855823	823.496367534101	5101.33007084949
"34"	0.117	0.000311508878891967	317.02519407456	3351.18659551289
"35"	0.151	0.000140338493095688	458.527903666335	2191.22173479909
"36"	0.123	0.00045929016807185	845.298011144776	3934.39087363052
"37"	0.223	0.00196936365716199	2.40544129518447	5035.4761257256
"38"	0.189	0.000952600334752452	0.362697918676724	4697.74186072339
"39"	0.131	0.000487566666799903	0.254048289016263	3972.5244770625
"40"	0.121	0.000277401825195959	0.481499004952807	3184.05608866341
"41"	0.123	0.000395228079560199	0.937029841397934	3821.33486989915
"42"	0.132	0.000200649840990038	0.358616136387644	2880.18044891747
"43"	0.121	0.000242967257747104	2.94878798133622	3080.03984066505
"44"	0.123	0.000242685837359385	0.564571865898487	3106.34441177101
"45"	0.176	0.000767714135717321	20.5469584026047	4634.89546132202
"46"	0.12	0.000250006323371521	1.29110988298619	3160.96337745737
"47"	0.124	0.000484772097057257	15.0311747038286	4021.43759523524
"48"	0.122	0.000456416187728477	14.2991427261217	3928.39214263203
"49"	0.183	0.000903274948505324	907.518119876786	4760.55857998705
"50"	0.121	0.000232748106056585	492.851933154296	3113.61739620168
"51"	0.117	0.000312240242038631	933.229358541428	3328.67815971601
"52"	0.131	0.000182551357332907	680.985401732731	2822.79594294249
"53"	0.12	0.000310680931991754	0.500505635224055	3296.01549109443
"54"	0.212	0.00138499495782855	0.266536099363352	4891.16728238237
"55"	0.12	0.000258026484366447	1.16696798275287	3128.08277377297
"56"	0.12	0.00025367806147827	1.18619252572621	3172.69952309699
"57"	0.147	0.000306317804067394	0.0810346558365271	3245.78569245923
"58"	0.124	0.000247055964816332	0.386964793485849	3070.94439731031
"59"	0.202	0.00129085975400401	1.41466059275706	4905.14874299779
"60"	0.222	0.00196367501975826	8.76085904849385	5068.52414587445
"61"	0.182	0.00088271137507495	47.4028457657928	4727.77533588223
"62"	0.118	0.000326762308355307	25.7538342154461	3406.28766936304
"63"	0.191	0.00106744089821079	114.977765807274	4839.9015555291
"64"	0.182	0.000884498207137902	636.622012510778	4777.84962677509
"65"	0.185	0.000763758545736235	952.442904446415	4833.63775564352
"66"	0.13	0.000187844142146585	69.377516109061	2815.78172574581
"67"	0.194	0.00113077206360074	767.172080154353	4892.43327294696
"68"	0.165	7.2730438763234e-05	718.77374232592	2121.53975792374
"69"	0.138	0.000170270331258603	734.387300296444	2508.59540166584
"70"	0.174	8.08815388608785e-05	1.14786155355008	1665.32338994413
"71"	0.151	0.00068440589664755	1.15072251765237	4293.34907521817
"72"	0.125	0.000393039693035437	0.460682219818235	3737.15918096763
"73"	0.13	0.00054559534280528	0.942944941776383	4094.71068837555
"74"	0.123	0.000471123054126571	9.19065300870151	3990.00679628717
"75"	0.222	0.00195207992796761	4.20526351248445	5068.58448929982
"76"	0.235	2.0355797782113e-05	4.79405935026011	2.80919565071091
"77"	0.124	0.00047972035084711	25.4855758566118	4025.14286952809
"78"	0.122	0.000241326535146645	15.8616981161107	3001.91577644325
"79"	0.186	0.000958035277732574	911.930195441362	4722.667842825
"80"	0.184	0.00092614291190037	996.745026169832	4730.75078291933
"81"	0.178	0.000793216406372871	1.49624423009827	4597.7699985878
"82"	0.182	0.000710716460374656	0.193477282592316	4544.1794096546
"83"	0.144	0.000456152678464485	0.107970989936545	3878.18765277102
"84"	0.121	0.000269484462170513	0.530197445421384	3139.06643623068
"85"	0.123	0.000244474846868467	4.60349461354973	2987.26601604604
"86"	0.182	0.000883346299867116	8.03534477195926	4754.14741597496
"87"	0.181	0.000858175861249474	719.115986175908	4768.54910456122
"88"	0.124	0.000492105253564347	547.779427279357	4016.54667305338
"89"	0.129	0.000193270016940835	810.764063873084	2938.35425125669
"90"	0.122	0.000424906141444002	257.682118322474	3909.1937673392
"91"	0.122	0.000410712776638868	303.714726233351	3801.72689534473
"92"	0.124	0.000491966929374661	149.122080717125	3978.07325700188
"93"	0.119	0.00027087543642209	0.856420969393056	3193.2138785689
"94"	0.181	6.43406307081363e-05	0.864247152208867	1515.23540746457
"95"	0.176	0.000736323687187801	0.635738953673953	4594.61060218026
"96"	0.174	8.59108561858904e-05	1.14879886323081	1669.22325695978
"97"	0.126	0.000486724078456206	0.609520340149364	3993.82327698107
"98"	0.142	0.000177332330639983	1.15378962637642	2452.34935728499
"99"	0.179	7.49313093625172e-05	1.04174065684487	1561.4696588204
"100"	0.176	0.00076270348275173	2.69856540335341	4650.5604720115
