"X1"	"X2"	"X3"	"X4"
"1"	0.167	0.000280739949184701	0.00101989872782	4360.43193390217
"2"	0.17	0.000643304598928526	0.0204891495734119	4888.05120513804
"3"	0.168	0.000639820645303339	0.0157539069679026	4843.18589651227
"4"	0.221	0.00199295054016113	0.0264702728279308	5626.04409802295
"5"	0.21	0.000369551872055664	0.114046315008603	4329.59715837701
"6"	0.164	0.000560747850411232	0.0174719235958269	4712.88119705743
"7"	0.279	4.01833989081477e-05	0.529911058620155	2390.40406194145
"8"	0.165	0.000326372152485689	0.00153876851392453	4493.95152080186
"9"	0.165	0.000325860076266776	0.00110719536679988	4472.20369831351
"10"	0.28	2.99899145122491e-05	2.41519745476246	2280.1396477268
"11"	0.28	2.68653913571011e-05	3.96287493953465	2429.0964582447
"12"	0.276	0.00120670938967936	3.01595525863496	5770.3607895411
"13"	0.242	0.000676561758649253	17.5588015676581	5025.94032808904
"14"	0.166	0.000307859764102001	0.00122878617740187	4407.23962150284
"15"	0.278	0.00137175650618681	51.954617848198	5784.52284530916
"16"	0.264	0.000152679824161257	197.332546669906	3463.76497449584
"17"	0.281	2.22099138185354e-05	282.763146903444	2165.8722094892
"18"	0.243	0.000367436112919342	943.984006684632	4371.85859665907
"19"	0.249	0.000245071931964669	403.746597207837	4106.48088106738
"20"	0.281	2.06914282811907e-05	813.891154428536	2118.52792738804
"21"	0.223	5.58651164480344e-05	0.00100831056835781	3834.11303354081
"22"	0.205	0.000267240212301529	0.0597524560062727	4163.04476927921
"23"	0.217	0.00142714199872752	0.0216759557178384	5501.96583864189
"24"	0.201	0.0010824614676644	0.0200594876535678	5060.92289925158
"25"	0.23	4.18982488503624e-05	0.00102504266706253	3686.82710399726
"26"	0.246	0.00011688943811216	0.0761526480565008	3473.96536074394
"27"	0.285	0.00194943120386149	158.527166512542	5912.4859799426
"28"	0.28	3.52303739405078e-05	27.6094638278284	2392.16350067073
"29"	0.272	8.14797167623745e-05	25.0404277211153	3325.32048136987
"30"	0.241	0.000424601310073764	157.305944271688	4620.33841256488
"31"	0.279	0.00146838066773266	978.306449206933	5755.89786754545
"32"	0.248	0.000248550047824518	951.334913417425	4180.8748662073
"33"	0.285	0.0019746418393873	907.425453131567	5905.1749640189
"34"	0.164	0.000424182236858279	0.0102187756726275	4643.03095895899
"35"	0.28	2.89781680619418e-05	703.58263799658	2237.49130068441
"36"	0.211	8.51626715020359e-05	0.00103820684572169	3909.4309708316
"37"	0.228	0.00194534611230689	0.0491856714807705	5633.36335309835
"38"	0.165	0.000593725183157326	0.0154814395508894	4739.67841341482
"39"	0.165	0.000333999559873712	0.00106416430345471	4441.24493113574
"40"	0.177	0.000257413398134247	0.00890292614432775	4165.37190684059
"41"	0.172	0.000242318106118909	0.00132943460098528	4238.11068954728
"42"	0.176	0.000210398485213036	0.001	4258.29060307525
"43"	0.165	0.000360605946073404	0.001	4496.965600098
"44"	0.168	0.000276312929541386	0.00119010316434131	4335.58399989067
"45"	0.28	0.00150809039666913	26.6463066239138	5761.0668765361
"46"	0.28	2.77800533090085e-05	0.960568423896751	2183.15374806131
"47"	0.244	0.000296978843952952	9.3841455150478	4208.72608298741
"48"	0.245	0.000277986854781156	8.85893739373321	4225.82705400662
"49"	0.241	0.000645518916601284	636.106241318553	4971.16701709993
"50"	0.28	4.04936590834314e-05	601.640607524692	2534.03539725494
"51"	0.258	0.000176277560922864	507.197763636576	3814.75512595765
"52"	0.28	2.54667094585776e-05	798.279462746787	2327.43585866469
"53"	0.172	0.000270097626343606	0.00540901278971908	4293.56814997796
"54"	0.197	0.000983130829923559	0.0165066023401388	5080.39961933836
"55"	0.192	0.00035284200369801	0.0522555801596597	4248.22469643274
"56"	0.203	0.000328105097285486	0.0753465592036801	4240.40020911109
"57"	0.171	0.000311576825812798	0.0104231346348689	4250.31217900658
"58"	0.17	0.000252103379604665	0.00104690370537704	4277.20451715909
"59"	0.18	0.000814032447180702	0.0260297842570619	4935.89542204468
"60"	0.243	0.000721742579350646	6.66904197020186	5029.92436866536
"61"	0.285	0.00188434514161472	43.5287976971537	5893.44484495708
"62"	0.254	0.000201798794557043	17.2226644060016	3948.04259726869
"63"	0.241	0.000636110853340619	66.6013825972621	4941.33751592574
"64"	0.285	0.00187959974812435	941.237176160163	5868.24626236094
"65"	0.278	0.00135202258296141	950.45717442669	5785.83267559876
"66"	0.265	0.000133663626303228	73.9009662891172	3441.22643151437
"67"	0.278	0.00135520340876446	972.328786319685	5798.07860439418
"68"	0.28	3.60984190469901e-05	512.361660264289	2302.36997688464
"69"	0.28	2.97958544803125e-05	795.345729234057	2267.45197317562
"70"	0.217	0.000353239018852775	0.15162303944265	4360.78919793258
"71"	0.28	0.00198236989617255	1.03244832937826	5893.83470491609
"72"	0.169	0.000285126206524745	0.00339796492746303	4292.86053224299
"73"	0.163	0.000488974421030009	0.0090765805884055	4672.1911013235
"74"	0.282	0.00170701239308427	5.66380502551604	5868.43264723762
"75"	0.241	0.000702023422727064	2.46470286422625	5054.48353893296
"76"	0.328	2.0355797782113e-05	4.79405935026011	2.80919565071091
"77"	0.242	0.000360022495479694	18.1664313046814	4371.12162037455
"78"	0.28	3.8613001152156e-05	21.9493570633917	2481.12940853227
"79"	0.242	0.00066593920215164	628.481600540231	4982.5081252832
"80"	0.245	0.000728894706048375	728.133260853851	5114.18675365319
"81"	0.28	0.0019745864797257	1.03255567474988	5899.35372471857
"82"	0.255	0.00197295829695804	0.146240146064078	5778.14057314398
"83"	0.164	0.000548804737471308	0.0128890247297614	4737.68149284807
"84"	0.176	0.000406969111851708	0.0313744172864814	4387.72148163207
"85"	0.28	2.40166372357587e-05	4.52732783353585	2231.95539293271
"86"	0.164	0.000551184432477841	0.0159260262156067	4761.68909341015
"87"	0.285	0.00188334240905049	953.005576275394	5847.62558715501
"88"	0.24	0.00046862163219711	856.822324017607	4718.85813497964
"89"	0.28	2.96910061429233e-05	409.602770037367	2464.14160122062
"90"	0.165	0.00034801257039945	0.001	4561.5583400244
"91"	0.165	0.000340162333236589	0.001	4495.11296984715
"92"	0.164	0.00050349156952252	0.0142210376769642	4742.33283230959
"93"	0.207	0.000404477303298262	0.10416970713344	4340.42709574956
"94"	0.181	0.00037747456842368	0.0353172133932747	4282.46494383428
"95"	0.167	0.000619342529624005	0.0138854645355338	4802.39817654771
"96"	0.249	0.00010690051313187	0.077849405362085	3402.79935008883
"97"	0.163	0.000400938799290034	0.00583345647455989	4536.34396826416
"98"	0.199	0.000165039045135638	0.00166015965882605	3757.70592164141
"99"	0.199	0.000414472782964952	0.0778146661567106	4369.96647336321
"100"	0.219	0.00156029624941243	0.0309593848566347	5584.65835108086
