"V2"	"V3"	"V4"	"V5"	"V6"	"V7"	"V8"	"V9"
"1"	0.558	0.00017055225118535	0.300353308169937	0.001	0.001	0.458153921740334	0.0007701635	355.407303829734
"2"	0.715	0.000209014377453938	0.0522324236221801	0.409894383560559	0.0160242664331732	0.00180410395186894	0.000406711588157359	773.258049998422
"3"	0.715	0.000165365287604366	0.0495840482130565	0.516249376052406	2.77918140838737	0.0137605947170686	0.000410699461363662	466.747485549883
"4"	0.714	0.000168679892339164	0.0474804399435251	1.18483909254904	4.87618520751558	17.186571884761	0.000411422951432525	529.58394390611
"5"	0.714	0.000169357556074842	0.0187308725055028	1.41862851855117	5.93829070628198	75.5870587526542	0.000409716794955103	484.089137429191
"6"	0.558	0.000614899635951142	0.345340203444911	0.001	0.450706281915441	0.0236255645276376	0.000769220437824323	355.652500385636
"7"	0.726	0.000166022270653283	0.0495217367208346	108.173069625797	21.9714851730361	4.18835115986522	0.000695713046737627	783.573504774414
"8"	0.723	0.000208251205755239	0.325220295452054	2.88554299099523	1.1124690769345	0.732646187617164	0.000496751705068577	808.464841000197
"9"	0.558	0.000178592946994633	0.357506277370547	0.001	4.31289606600486	70.1791094030694	0.000769136306186142	355.407303829734
"10"	0.714	0.000185656386928447	0.374316969236348	1.2547381815943	286.096779296287	0.020901095508996	0.000405644104755762	583.414675001481
"11"	0.715	0.00017016867397253	0.331999785758193	0.442615429227266	0.0136630576160146	0.00197932054163634	0.000406392536538666	573.982256492817
"12"	0.714	0.000176085851491329	0.351577836935187	0.837170945792905	4.21342057938539	2.08614074981692	0.000410878824731854	528.959158858983
"13"	0.714	0.00101531377019573	2.54890665613992	11.4388323145238	0.279776299373337	0.0157685726887453	0.000409019276413189	560.465865539189
"14"	0.717	0.000634873330619291	1.57225807007006	68.1374252198627	0.190310664520644	0.283269534444125	0.000407295429335268	651.753142521988
"15"	0.715	8.44774833385328e-05	0.226068424195687	0.541289726150282	0.212592209559748	0.013265069011865	0.000412652870285056	474.898415991004
"16"	0.72	0.000159217547067816	2.05159373822461	2.86115099764499	1.10753615852331	171.493256392601	0.000446120166294385	758.125114647924
"17"	0.714	0.000179183945218136	2.51987177754173	1.59952757704425	0.518529490650552	0.0058554217179088	0.000415806362719327	582.303401481623
"18"	0.558	0.000173210624621947	2.34790242493583	0.001	4.31393855796056	0.586466818289481	0.000770159728371055	358.277725208138
"19"	0.727	0.000159217547067816	1.91032033365117	0.438824860911702	28.8863926000526	53.2325404599828	0.000745831657294721	693.972603337859
"20"	0.327	6.0955665380579e-05	0.00693147180559945	8.21586643960486	0.131225516905179	0.134033201786946	0.00041224101753181	1540.4505160744
"21"	0.723	0.000159217547067816	2.62569791187472	8.47049112750668	2.00496900160062	14.5730057681343	0.000496773953566821	808.464841000197
"22"	0.717	0.000169777429603718	1.59931164788774	68.5529750287074	0.189921340131577	0.0136949647040312	0.000406993086550893	651.650844480955
"23"	0.716	0.000212119080415161	18.8575633793534	3.57709254288866	239.917390377263	0.0203976122185565	0.00044503314554888	525.41759828054
"24"	0.432	0.000191326414259837	0.00693147180559945	1.27360302564216	0.0616027688608084	170.85626184673	0.0007701635	758.125114647924
"25"	0.714	0.000197784845131441	21.6540843395679	3.18277887236442	16.3849307421229	0.415016053954005	0.000405644104755762	622.602804499336
"26"	0.558	0.000171398154601286	13.3753117105182	0.001	0.0270970071726774	4.76787364246756	0.000768768231863298	355.683607319078
"27"	0.714	0.000162242507149729	12.6237984212994	4.98241269443093	0.192669019654326	3.40548897139923	0.000410735628313987	568.993767281357
"28"	0.558	0.000484264435477467	64.6248879716291	0.001	0.0361581987357011	0.50514714945781	0.000769989597477439	358.210616954834
"29"	0.558	0.000192603726791503	18.9434571265414	0.001	75.4259621687057	9.99632262174281	0.0007701635	355.407303829734
"30"	0.714	0.000587218997342355	0.306747867952392	2.86402181747383	191.553750097581	0.619211203934721	0.000405644104755762	552.471258968503
"31"	0.56	0.000381844897129384	0.051293668472765	0.00103358630675658	29.007731140645	69.9012605254352	0.000769888666798967	355.64446335961
"32"	0.559	0.000452713349057712	0.0843565364947801	0.001	4.31344319094613	0.0115507916533324	0.000769950716755484	355.407303829734
"33"	0.714	0.00138392286951222	0.149155413021859	13.6531717801135	3.42266376565405	0.00196355516549204	0.000407302515012537	569.058703346812
"34"	0.558	0.000527182219121495	0.39660799566287	0.00101664291261849	53.791758525631	0.0383513211916711	0.00077013282345941	355.407303829734
"35"	0.714	0.000476982558139671	0.366562910125894	1.54464262485845	0.48859454690198	0.0209400862143751	0.000405644104755762	575.198646781245
"36"	0.714	0.000455295495605577	0.339452393886287	0.640991411716621	3.50183231396647	0.0151899407607563	0.0004063643032406	510.171657724262
"37"	0.714	0.000459184231082383	0.328356827179872	0.657764404966887	3.5462432672613	0.191121703517199	0.000406398086808901	522.329759847186
"38"	0.714	0.000481704501586014	0.359854084826662	0.6590278578152	3.55591220836255	19.9646085137632	0.000406394642533291	512.588156583435
"39"	0.714	7.42307910517053e-05	0.00709224493377801	10.1189045718909	2.56316648997926	0.124081506535018	0.000414340961121754	791.068544389398
"40"	0.714	0.000476125625899212	0.369145846025538	5.38048597992545	33.3964499038261	0.0197186891404082	0.000412793543499043	596.444302155675
"41"	0.658	7.68662554996873e-05	0.861662427281151	999.970059183295	24.6910913391095	0.0240501685445865	0.000762175228601061	785.539531538828
"42"	0.715	0.000445558508467665	2.09207261286955	0.541211131642417	35.9367840538853	0.954865253612162	0.00041635332439233	491.386800112868
"43"	0.31	6e-05	0.00693147180559945	1.3580713581882	0.0380830205900376	0.0204340202549135	0.000464980925249497	1172.82674500366
"44"	0.714	0.000446568062853143	2.0776949069366	1.14266805525771	64.6159245644038	4.52862712741868	0.000408970506142069	567.758494833557
"45"	0.727	0.000411638022212348	1.91032032809213	0.438824860911702	29.3482426302093	56.4073368638594	0.000745825715452791	693.972614254782
"46"	0.715	0.00374220360241992	15.1899818994604	62.334849455101	0.0122820266084436	0.006266590455003	0.000418879657719818	637.572802167786
"47"	0.716	0.000419695071598505	12.695096151283	0.070169844941145	4.81241372749909	0.444918200662422	0.000770029360227943	547.1837190111
"48"	0.714	0.000503549028191206	13.5692096806311	1.25445413868283	290.285006967025	12.906601720746	0.000414549896142475	528.080736778209
"49"	0.723	0.000408440757315127	14.0171423239929	3.2578961665134	198.679342524402	134.043923516792	0.000473991491364057	808.464841000197
"50"	0.261	6.2229249558146e-05	0.00693147180559945	2.37448955251699	0.00335789526774019	4.17067054742864	0.000467047325614267	830.952881106639
"51"	0.715	0.000433644939672358	12.8768565467661	16.9314999678499	39.0793977778275	0.0193019482390865	0.000406043248469633	642.732166736846
"52"	0.558	0.000628325607936683	19.84930343028	0.001	39.5183452513659	0.595946199006823	0.0007701635	355.407303829734
"53"	0.715	0.00109517225437416	0.0702534389508603	0.540282187030128	2.86380114011913	0.214028727548114	0.000413923926724838	488.398368593539
"54"	0.714	0.00160579928453066	0.0705539365430512	1.03112782465678	5.35069427199282	71.2672812342519	0.000406698255672562	585.316834100272
"55"	0.29	6e-05	0.0360503070052098	0.643306919142677	0.001	0.0168794883193918	0.0004861252393031	928.673138587383
"56"	0.717	0.00139292233851446	0.0688806997233457	0.354166994973843	0.0170982771977525	16.8048002222507	0.000418000677235773	570.409349502925
"57"	0.715	0.00109525433404246	0.0484862653973722	0.619244790264063	0.279120191091222	3.41239103255465	0.00040984036247566	568.796032860677
"58"	0.728	0.0011351380281186	0.0512449550842177	0.645729180597154	48.7441448626739	4.56546575498666	0.000754877751975944	769.074261861633
"59"	0.714	0.00229856227452384	0.0992967792553374	3.88510277043143	0.214054862646467	0.00624925431476098	0.000418184962824403	636.798875235461
"60"	0.332	6e-05	0.00693147180559945	10.1189613402412	0.185638580413991	25.2931061316775	0.000475601618752688	1561.39959537327
"61"	0.714	0.00597836091431576	0.145049637790923	65.9586647226585	0.147828657111347	0.198014344482266	0.000412190270771648	590.995841879581
"62"	0.558	0.00124271157493897	0.362381578915528	0.00100389415988803	0.026331159352053	0.02166082671325	0.00076922270907451	355.407303829734
"63"	0.714	0.00124806642982994	0.352437562737241	1.05450583346698	68.3273997222384	0.946086328190705	0.000406345292968178	488.978674779482
"64"	0.715	0.00117415129316968	0.42925346713254	0.49425429729789	27.5003851335484	0.00189957317059021	0.00041050148036073	470.253998976843
"65"	0.418	6e-05	0.129702978780215	20.8992998760597	0.0596376890641424	0.00112652474727671	0.000739012010312537	880.163770047569
"66"	0.714	0.00119104583917896	0.338469446678276	3.7833599882702	26.3905681468247	0.0152384678928808	0.000410688947915403	518.973451678877
"67"	0.334	0.000329780731235195	0.00693147180559945	134.719580170524	0.114909606911815	0.00404201010210052	0.000645727951610049	1241.7981035459
"68"	0.727	0.00112697185953655	1.98254162233346	0.472603498945537	0.178154821543694	58.2124304073163	0.000740785912520283	692.78427999109
"69"	0.714	0.0011221167893936	2.09728972566662	4.13927882552282	2.53348500349623	75.40359527303	0.000410652222875276	590.224762102545
"70"	0.558	0.00585861400607173	14.7295975856307	0.001	0.0260079938005651	0.554658130455846	0.000769757402547696	357.943013898434
"71"	0.714	0.00200121524612584	2.79223668609072	72.8644407138225	0.0141070668013434	0.187074608893237	0.000408317474912728	781.166825139357
"72"	0.716	0.00108564012948504	12.5667952370464	0.0700332844802367	0.0305378779879051	0.0344722466605083	0.000765975654996406	539.920562704734
"73"	0.558	0.00115404071218864	13.4008946787238	0.001	0.189362855389241	0.0215907396782823	0.000768431380704347	355.407303829734
"74"	0.715	0.00111154954117963	13.4348968968005	1.62563605295096	0.510503957522194	0.31380432443906	0.000405644104755762	644.876372664628
"75"	0.723	0.00254990451424092	16.5589021182957	3.17216275525132	16.3042419106329	0.427745701660522	0.000496751705068577	808.464841000197
"76"	0.318	0.000344467239976751	0.00693147180559945	20.0971424897378	0.00385797682640001	0.0290127173293516	0.000674396148913478	846.991738738154
"77"	0.657	0.00146506937602642	36.6640968053779	999.970059183295	22.1976887585261	0.636947116991488	0.000769634431073182	762.625261515921
"78"	0.31	6e-05	0.00693147180559945	0.875472413204357	0.021635264207694	0.0212419776779661	0.000505927862124131	1139.44864651034
"79"	0.296	6e-05	0.00693147180559945	0.66514878949542	0.0070052842856847	0.200973189440424	0.000578802510675635	1046.4900922386
"80"	0.728	0.00280164766159062	0.0513124103955368	0.642830947976026	48.8259278188745	0.306545817284803	0.000760659318830099	768.787590316029
"81"	0.714	0.00270923815336088	0.0497123535765669	0.659216166419903	44.7313855257361	0.187461376169987	0.000406397077363325	510.820962284811
"82"	0.261	6e-05	0.00693147180559945	82.8519416065447	0.001	116.737627362678	0.0007701635	466.913421214023
"83"	0.714	0.0027813110300685	0.0507747124686051	6.31394180742105	2.29532020397301	0.00502895299770249	0.000405644104755762	638.654073307132
"84"	0.715	0.00293844177928135	0.3460014972518	0.541518325334514	0.212576211633909	0.0125594932087395	0.000407431935341575	469.177017929244
"85"	0.715	0.00308334022927537	0.367005316054454	0.541818264391499	35.8177206554762	0.182473595772545	0.00041365802207152	486.765990377029
"86"	0.558	0.00306226645264182	0.36642456222269	0.001	54.2003046425721	0.587096493360618	0.000769948983000343	355.407303829734
"87"	0.362	6e-05	0.0962374839542097	72.8209265859203	0.154309836290065	0.0149893480068231	0.000634738920261969	1625.32046064734
"88"	0.714	0.00540079528777426	0.481930005459134	64.5826300639579	0.150628095818039	0.00970508905765076	0.000405751509455099	591.077885728979
"89"	0.714	0.00388621976488849	5.08890483230032	2.86709308691743	15.1597226303569	0.0341896895886131	0.000405644104755762	464.530232095652
"90"	0.723	0.00300248452040587	2.83886663585737	2.86383358563865	189.725412553945	8.29777046782988	0.000405644104755762	808.464841000197
"91"	0.715	0.00264241330317171	2.00629715480481	0.642847149064439	0.0170947906584587	3.2335710637943	0.000409001894665026	568.017469888343
"92"	0.714	0.00272237667197347	2.02200430922512	4.88649358167882	0.189086642034821	0.0193608100903837	0.000410488997509543	551.114293989799
"93"	0.333	7.52992217192833e-05	0.0236262150882737	69.8004556402834	0.27149050425715	0.0114117637306075	0.000436340019299309	1623.7516261824
"94"	0.558	0.00551898226749074	3.48254188125631	0.001	0.349291774293782	107.308555226816	0.0007701635	355.407303829734
"95"	0.338	6e-05	0.00693147180559945	175.672797846231	3.9225327394187	0.171186666876652	0.000610588919768896	1616.78040237213
"96"	0.714	0.00340421093081601	14.5663933218898	1.03630470370893	0.399701145104797	0.0196623350538699	0.000405644104755762	590.21762397315
"97"	0.723	0.00257426802332099	17.651228444707	2.86349172689326	189.527054877012	9.56826490951855	0.000451209029161292	808.464841000197
"98"	0.714	0.0026277950854566	37.2955265253303	6.33536058229768	3.04820684323726	0.530592197977427	0.000410254221278793	615.74746120015
"99"	0.311	6e-05	0.00693147180559945	1.12267148548138	0.0312246221247397	0.00986670188952603	0.000457694266246597	1167.96401104491
"100"	0.558	0.00565799650938192	23.8298817873806	0.001	0.0359493070169563	8.22752090370186	0.000769882180885077	357.86175041639
