"V2"	"V3"	"V4"	"V5"	"V6"	"V7"	"V8"	"V9"
"1"	0.541	0.000181204910716814	0.0538031825675746	0.110505456253006	33.9562470182559	0.00286745543055193	3.20762006349408e-05	823.842698574693
"2"	0.541	0.000173916116693404	0.0507970527555517	0.288213935031599	29.4305424250432	0.133380425314266	3.54754418965794e-05	943.648299452924
"3"	0.54	0.000170175056873677	0.0515810054220062	0.985356391929757	3.08841501131119	0.0246812625195512	3.20762006349408e-05	1011.48943843853
"4"	0.541	0.000174617708679422	0.0520506762530724	0.259299732741512	5.29035090336485	0.0251082076176818	3.53533601376257e-05	931.406039419246
"5"	0.543	0.000168989104237091	0.329823913806961	0.048909715798225	0.329753099465737	0.00342861417254956	3.24952013610034e-05	815.846542691109
"6"	0.543	0.00018291125083538	0.391927776379786	0.0446841040894817	0.307296518276392	45.738945005177	3.20762006349408e-05	828.802867564599
"7"	0.54	0.00021053722425904	0.544319614934398	1.24401425500603	226.280887189726	0.183998033307314	3.20762006349408e-05	1019.71312054049
"8"	0.541	0.000170185880640495	0.329916197461156	0.124496049813594	0.17963295103109	0.00338479522827862	3.25050123182811e-05	823.838156853898
"9"	0.54	0.00191273965018631	4.54692967137344	4.21648273095882	0.306869546891823	0.0229409715791953	3.20762006349408e-05	1044.7572504959
"10"	0.546	0.000160613578611659	1.9447842094763	0.0186571176863807	0.187334560072949	0.00332357149667774	3.26153760548848e-05	666.469723306025
"11"	0.545	0.000161669308678381	1.90417939688546	0.0234041185754886	2.0000213848292	0.332959445986537	3.20762006349408e-05	752.314180823066
"12"	0.489	0.000170231941036891	2.97598592030688	0.001	0.33237757649251	141.580399731417	0.0007701635	1029.29842614804
"13"	0.489	0.00051905921588015	16.2335662859724	0.001	0.449845072184049	0.655728788221462	0.0007701635	1008.9945796729
"14"	0.489	0.000170023645457656	2.09500766253984	0.001	5.51045904040248	9.26936950891308	0.0007701635	1001.95264369208
"15"	0.542	0.000169037007897541	13.5468624751653	0.0625325985360436	0.215775127243174	0.00341175070335845	3.21870932882936e-05	805.130589242206
"16"	0.541	0.000170895229073482	14.2079052022069	0.128853475211874	44.4821769483725	0.0255785401214166	3.23944766364887e-05	803.514618139239
"17"	0.54	0.000171268612753613	13.5623451440963	5.33081966829888	39.0692507370005	0.00312576176458312	3.20762006349408e-05	1054.89817388323
"18"	0.543	0.000447366895274929	0.0516323116874662	0.0491221009437173	0.332046433551461	0.339641370452952	3.4993832885592e-05	815.354996462264
"19"	0.543	7.99193270317566e-05	0.0087640615675649	0.0393908000552582	0.277404576339731	4.62308519327127	3.22896151349377e-05	667.505906187458
"20"	0.541	0.000696275353751467	0.0803555125683912	0.544976472557451	39.78092017173	4.88489186520523	3.33305083595633e-05	1076.9759711071
"21"	0.542	0.000443209588718336	0.051152572460927	0.0626064053516205	0.244700692467735	0.19233007901097	3.22054395399279e-05	805.086848126325
"22"	0.49	0.00045792188125818	0.029548578596964	0.001	58.098316019705	0.675120604171537	0.0007701635	974.509487141579
"23"	0.54	0.0024756009673186	0.240448711787345	0.992970105803657	0.281648010665849	2.64592673867643	3.21273634725886e-05	1023.3171005447
"24"	0.541	0.00169866529311719	0.114115295625749	79.6511451293613	0.231283609535768	43.2339146215201	3.35531094145809e-05	1292.57051513597
"25"	0.542	0.000358776781686252	0.0147353034453406	82.2559994028163	2.24648611741683	0.00327131486122131	3.38836686493787e-05	1629.18142657135
"26"	0.54	0.00267917566130653	0.269110263332489	4.79395124626198	3.85492062715936	0.017170667680821	3.20762006349408e-05	1038.41853151011
"27"	0.54	0.000480273231877246	0.0531235211396798	3.77741182719443	63.6835813021175	3.71948756130574	3.20762006349408e-05	995.462480792613
"28"	0.544	0.000454132217123772	0.332532854139635	0.0384250440901217	0.273575973409865	4.60596436595919	3.59512884464448e-05	815.230786957427
"29"	0.493	0.000477335452326248	0.0331410798869053	16.1822674622648	0.00626403524153895	0.329474075557435	3.20762006349408e-05	1686.77975569289
"30"	0.465	0.000173194943139777	0.203520609837524	11.4482813017558	0.001	4.37337648255362	3.20762006349408e-05	1677.46267456514
"31"	0.541	0.000452359270792962	0.332257479528	0.145534132193926	51.6513916863129	0.0210212174515977	3.20762006349408e-05	834.922682631059
"32"	0.144	0.000283018097712962	0.00693147180559945	47.4528253000425	0.00408162913166426	68.2674770312979	0.00076612355624101	1547.51388517299
"33"	0.49	0.00597710443630534	6.50572835959989	0.001	0.442007650133867	0.0453914069561778	0.000768556061929679	1034.7464430868
"34"	0.541	0.0059421273694636	6.65758231810196	69.9847102372171	0.343050528861498	14.4888682361851	3.20762006349408e-05	1033.6560805166
"35"	0.54	0.000542018088902895	0.00693147180559955	3.77738963271421	52.5004680913946	2.04642173042395	3.20762006349408e-05	976.620987416766
"36"	0.489	0.000414996010028565	1.94125884337827	0.001	4.18048983025377	0.0441642127424117	0.0007701635	1009.3805443806
"37"	0.545	0.000416531305905983	1.94228678828268	0.0235449612045558	24.9213737660688	0.00347250160022135	3.20762006349408e-05	751.595876635461
"38"	0.545	0.000420723988406428	1.91785484273485	0.0232441561309851	25.3113682976231	3.65466409627808	3.20762006349408e-05	725.354661847284
"39"	0.489	0.000425649787108284	2.00194231489456	0.001	0.0247217923455103	0.677711278701544	0.0007701635	984.47639561257
"40"	0.541	0.000413554756965524	1.94780441728028	0.124081407887576	0.179788117973941	0.280542251271162	3.21653259513859e-05	824.678094751259
"41"	0.542	0.00041915489370276	1.92825487458014	0.063163673666697	40.1877581303687	0.336271704970176	3.20762006349408e-05	817.285406173149
"42"	0.54	0.000431234658104113	2.02210084773638	4.63021172383474	2.33058558904813	0.125014482941788	3.21724211532982e-05	1055.80981640225
"43"	0.54	0.000578296578085221	2.44855418188042	5.43029126234937	36.5359471398325	79.7342352592607	3.20762006349408e-05	1026.25066748771
"44"	0.54	0.0010512694669777	5.75220467378906	4.60675393535007	0.307074992481953	0.0234790287439611	3.20762006349408e-05	1044.16165661941
"45"	0.541	0.000469757243164656	2.37912348182746	50.3002024933263	55.88756000733	0.0593216046229705	3.362909484555e-05	1000.04282108234
"46"	0.544	0.000449531269254687	13.2587828452962	0.0382400825889162	43.2925739582694	0.0230999849209423	3.55672521466004e-05	806.591579954433
"47"	0.543	0.000445120036003008	13.2303223156034	0.0398969560467404	0.0217529572363627	0.00342588222269571	3.20762006349408e-05	731.016929768802
"48"	0.541	0.000669963189832388	30.7219393875492	0.185784107207961	0.236571994799019	0.0110978246875924	3.3126626429523e-05	981.087230837614
"49"	0.541	0.00045409572919812	13.2734908738301	0.233678083761928	27.0878245185106	4.43903455885339	3.34883968985572e-05	971.926154556025
"50"	0.54	0.000550547052922236	29.5474184091088	2.07891754860367	0.027324047184983	0.0113067450555695	3.20762006349408e-05	995.57920918033
"51"	0.54	0.000456624496981843	14.1390960767902	4.61792335124317	32.2738211697088	0.00321138752127124	3.21099997735164e-05	1053.28968812847
"52"	0.541	0.00486154152750927	64.8875278874497	63.2420360123365	0.0370839328297702	18.1851835450493	3.20762006349408e-05	1111.29989502432
"53"	0.541	0.00119593422311098	0.0534803270800115	0.110505453841502	34.3813204823314	0.00304269219253943	3.20762006349408e-05	828.417377206838
"54"	0.54	0.00371177938982923	0.145999232481609	0.984944836992222	0.287627182234403	0.0210321269431775	3.20762006349408e-05	995.312365191695
"55"	0.541	0.00183304455688637	0.0124176530384561	102.360446238508	0.683103372972891	1.46305983869083	3.25312871693031e-05	1297.20011106529
"56"	0.541	0.00135939654528584	0.0605480760003353	71.5213922211796	81.8697423734833	10.1083645865345	3.20762006349408e-05	991.825269498911
"57"	0.541	0.00117712414801024	0.360824474361407	0.322223908294362	0.194840897892915	0.141775202157545	3.26227621147225e-05	939.346776858013
"58"	0.54	0.00118360203957502	0.343823551899694	4.83841958467898	2.36525274327858	0.0170712445418088	3.2097165288574e-05	1012.85117490458
"59"	0.54	0.00122646125615948	0.358668471953009	4.4687403737165	30.6608905232736	0.0231205944863345	3.21085450023061e-05	1013.85188401136
"60"	0.49	0.000106868822123751	0.0408199700658822	0.001	71.3366858112301	0.647528116145953	0.0007701635	938.962299220182
"61"	0.54	0.00227141464406359	0.529503790513932	110.638497442198	0.0142148422061288	0.00883818419280593	3.20762006349408e-05	1249.55543555422
"62"	0.49	0.00594724607436291	1.91509247757032	0.001	0.449203643702306	0.654075664798663	0.000768839152034784	984.364776196505
"63"	0.541	0.00118010448752232	0.344497557040626	15.9546332752852	35.3765757527522	0.203709586869683	3.32930877510571e-05	1065.64539041181
"64"	0.541	0.00410206289514559	2.96031687374103	0.169112384546093	0.0244486117704949	89.5629370979071	3.21936880177838e-05	892.816890214211
"65"	0.541	0.00179129418956349	2.63737048187366	0.186689057268094	2.96114295895295	0.592011272136317	3.39348701577902e-05	981.112631496771
"66"	0.54	0.00124247884218379	1.48687369965665	1.98522276773567	0.346655400202661	26.1326614045306	3.20762006349408e-05	1022.6169448296
"67"	0.541	7.9981782166533e-05	0.0739140245938525	0.156230610063724	51.8212093712995	0.00334527187758403	3.28626603383557e-05	806.10175906823
"68"	0.49	0.00120741222467159	14.0934706938439	0.001	4.25011773168531	10.0015641644758	0.0007701635	1026.1355617076
"69"	0.543	0.00114244736182019	13.3030350640355	0.049117230335691	4.17530593772895	3.70239167961742	3.32640366363784e-05	839.24186289629
"70"	0.543	0.0011514313537909	13.3573693430239	0.049298032940627	52.2266463577804	3.1206906868084	3.34228460078912e-05	849.103788377151
"71"	0.545	0.00115916374290376	13.2410024929906	0.0230775672675724	25.8999372765559	4.59413721602373	3.20762006349408e-05	745.649351524672
"72"	0.543	0.00114061808741377	10.3140807430354	0.0484784765056206	0.289915552469452	4.38687582349491	3.26841872246023e-05	667.271588306111
"73"	0.163	6.95641169488972e-05	0.00693147180559945	6.79762067321527	0.0115967245883397	0.971691614740839	0.000393783495625136	1769.301141785
"74"	0.54	0.0014805874454629	34.1709672513489	6.37336733165228	0.00131870741983216	0.313617038816125	3.20762006349408e-05	1117.62908660344
"75"	0.54	0.00117758511530583	13.8082797687921	4.47286219377279	2.25212435950622	0.231642918968691	3.21173695337911e-05	1013.58673894512
"76"	0.541	0.00202595678281458	20.8665576108765	15.6776141971702	0.0199115838101932	4.14332123780824	3.25762582332892e-05	1089.03764247044
"77"	0.54	0.00152562449539912	11.7810581760573	6.21665215054187	0.351014014619444	3.23319670521312	3.20762006349408e-05	1006.36729313098
"78"	0.54	0.00197737591536144	0.0278311939772715	4.05165646055207	0.212330088887513	0.0133017051636443	3.20762006349408e-05	1175.35296091593
"79"	0.514	0.00599692610487697	0.00693147180559945	17.536996571642	0.001	131.481716704295	0.0007701635	1103.35020498206
"80"	0.54	0.00376425415546367	0.0451093562717598	68.0834897877146	0.17312307391755	0.310806171032318	3.20762006349408e-05	1157.0838168436
"81"	0.491	0.00544937289249074	0.0756269454942795	0.001	52.6048406310227	133.198760868497	0.0007701635	996.645498745511
"82"	0.545	0.00278876625660043	0.330101841237194	0.0269018764017244	29.1192906513616	0.025004849606449	3.31115370730138e-05	673.737553053222
"83"	0.544	0.00279989871460037	0.332488521768945	0.0379995074134644	43.3287462142196	0.29953974970137	3.45999146269429e-05	805.618371204511
"84"	0.541	0.00281510888404406	0.333177727519078	0.275509727703143	0.0138692267077293	4.61766946070637	3.26754762014445e-05	970.489254417349
"85"	0.542	0.00596201476432958	0.371607913832277	5.3103612240566	0.00127349435234004	0.0747756922528055	3.20762006349408e-05	822.553662295735
"86"	0.54	0.00282905686394245	0.335307685494376	4.41904429728946	27.6050653907287	0.0204110718014902	3.2088095600425e-05	1044.55172053948
"87"	0.541	0.00279888505398929	0.331181435895748	0.109706104461936	51.5229266659193	0.323698942286089	3.21562242746358e-05	834.565288537859
"88"	0.49	0.00271999397173217	2.13236915109458	0.001	0.0256862673936295	10.6767068910018	0.0007701635	973.706019373263
"89"	0.49	0.00269693848925778	2.03619390653531	0.001	0.0252184672694819	151.402073575632	0.0007701635	969.52462233112
"90"	0.541	0.00275290330761825	2.19656548107928	0.260583660718488	29.9788490029755	0.015632173472784	3.20762006349408e-05	788.715159748185
"91"	0.541	0.00320790656243217	2.57850753308981	0.709311485194374	51.8358472377882	123.487247745943	3.28186963229803e-05	1073.07808860049
"92"	0.54	0.00311972644728694	1.24750478983427	3.98698060173296	0.220317067983694	83.5036680451789	3.20762006349408e-05	1024.93751024228
"93"	0.49	0.00261612212905764	1.93128500390127	0.001	51.7069539780471	0.63769854406006	0.00076912807744414	969.821055922856
"94"	0.542	0.00413750837456706	18.3102596119575	0.0625734026620727	0.0204857507777064	0.337949870956285	3.25667015121641e-05	821.244691982157
"95"	0.489	0.00287125461163244	13.5595227148835	0.001	0.334532844591014	9.83880024092147	0.0007701635	999.277385556268
"96"	0.49	0.00396612192107458	14.2253608133241	0.001	57.2556403377081	0.671270853062652	0.0007701635	1060.1553475078
"97"	0.542	0.00319418976220947	15.1521262494611	0.0711613415031466	64.1426178229816	2.89435285389774	3.20762006349408e-05	698.397866732514
"98"	0.54	0.00335519793221958	30.6683576058528	0.803644116103068	0.0213937580909179	0.0126219711130856	3.20762006349408e-05	992.229104277172
"99"	0.54	0.00281779059333731	13.3764632400359	4.35143111283181	27.5837051182938	0.00330906420755446	3.21452007117257e-05	1044.51088433479
"100"	0.541	0.00287102987496719	13.6894163927346	70.9791806018535	2.23107206078471	2.68216439146759	3.20928461823913e-05	1003.83226597706
