"V2"	"V3"	"V4"	"V5"	"V6"	"V7"	"V8"	"V9"
"1"	0.435	0.000146670763183202	0.036970934444828	0.00870614642173661	1.050895963988	0.0106562761043401	8.15907960302242e-05	1379.22887657861
"2"	0.435	0.000141360467260271	0.14380541953124	0.006853515625	228.222419384835	0.118164857290015	0.000106771606922702	1400.1024343236
"3"	0.535	0.00266238365555656	4.41719847065821	116.264829727872	0.0119997079586226	0.00466971189005736	2.36070198393336e-05	1936.91672953942
"4"	1.091	0.000139257950735864	0.170240940130811	121.463102368746	121.462388231865	1.12112087243116	0.000139394865502133	6699.81650216682
"5"	0.437	0.000137383438801133	0.776782555254786	0.00855288852378725	0.156267918984595	0.0171653451775968	0.000138844786909558	1400.68065504178
"6"	0.433	0.000145870834868747	0.790895768439768	0.00757421875	2.14397921811811	21.9798051389971	7.48550000483456e-05	940.831049908402
"7"	0.417	0.000154212282476634	0.854332873788103	0.00706250648701066	222.051606281066	14.2411844060659	2e-05	5.70589936099215
"8"	0.425	0.00015417566732843	0.854271156413032	0.0134832419495116	2.17112846784912	0.045804242717113	2.28290081931772e-05	6.39469971237396
"9"	0.428	6e-05	0.00693147180559945	166.269297956411	0.0235076209728602	0.0176379262089591	0.000767854174968637	3875.32046064734
"10"	0.435	0.000136976341798418	3.6040371037445	0.00983534241760861	1.01681677314807	0.00234482835827168	7.55364772821291e-05	1157.52789579189
"11"	1.088	0.000137785732431492	3.61687286419236	0.123846849091374	0.1236295898046	0.216623094208562	0.000757730827510799	6702.32761402782
"12"	0.434	0.000139781452575093	2.24981182648455	0.00734130859375	1.96400620351162	5.43154060240185	5.67382796012236e-05	1248.49280310662
"13"	0.446	0.00014092352503949	3.75760819087658	0.001	0.22354577122209	5.70028160763224	7.38425054191522e-05	1093.94685425866
"14"	0.445	0.000137221400265181	3.54057485284903	0.001	21.1327287738285	1.36154820251251	6.28576382594903e-05	1099.94549566179
"15"	1.082	0.000168228252190489	4.42119399141158	14.8277550819374	159.16528492455	1.18946540688355	0.000483587441290381	6818.03099890547
"16"	1.057	0.000132145391655583	3.15548412537753	0.120663741655715	100	0.0103518079525591	0.000112641527632275	6738.71700764694
"17"	0.447	0.000140209070252237	17.6439996149835	0.001	2.11173769686849	0.176739047727696	6.73014871627678e-05	1303.41156238977
"18"	0.533	0.000139603023492162	19.9904946485512	10.5717142630599	1.16486797563862	0.0183873575368781	2.0405542868456e-05	1506.33405789944
"19"	1.079	0.000168228252190489	20.6018376208919	17.4516833209649	9.95243332096487	5.21828749007456	0.000769668234188475	6330.75400844986
"20"	0.533	0.000139591768229662	19.9783057603386	11.8215599457578	11.8388188713992	0.0573059604609062	2e-05	1506.57114850748
"21"	0.446	0.00599949749985734	0.789051472035402	0.001	0.206521040916975	0.00880885599805525	8.29911360700819e-05	1159.87903850935
"22"	0.443	0.000321217742543508	0.00705937091962533	0.001	20.9167497191477	418.480924742738	7.80847633304618e-05	1195.26114713234
"23"	0.434	0.000304780476221581	0.164600794490059	0.00765166849169536	0.0104367099609221	0.0121242099609221	7.93237537624486e-05	1174.97244512641
"24"	0.417	0.000328934321287759	1.14322021761898	0.00773312190871358	1.25274975814598	0.00312992067382163	2e-05	0
"25"	0.435	0.000302177411033457	3.6040379914827	0.00983533744024022	1.01974092303959	0.00234482835974925	7.55364721569016e-05	1157.52753187093
"26"	0.435	0.000310490562787972	4.10584587689417	0.0093742378219307	1.11320709959498	0.026234808358953	9.09599042534897e-05	1301.12584414916
"27"	0.438	0.000310526006436072	3.7443620302011	0.00865268685479838	1.76044869979928	0.439934113099367	0.000150814672368447	1413.66009717409
"28"	0.447	0.000305431364187537	3.99029354406438	0.001	2.16245218600971	0.302270927570235	6.70549848665558e-05	1303.65301710409
"29"	1.083	0.000283616314314035	4.27070776915228	11.3105058177877	14.4048779088938	179.477726558672	0.00074776583283939	6714.06435444063
"30"	0.445	0.000288021407120843	4.58942517659743	0.00100000000000005	2.35248882257816	12.8752301719957	6.64016399711968e-05	1014.49274930591
"31"	0.446	0.000151137517415441	0.554186656256955	0.00100000000000002	22.0807815743979	1.47275601677758	7.63657281373023e-05	1205.11205472533
"32"	0.436	0.000323904890694976	18.4709654586544	0.00949633544636097	0.106700466340029	10.793922881593	0.000103162829137065	1406.5120290229
"33"	0.416	0.000330329095503496	18.5288672491332	0.00567947552271912	1.36101202517446	0.0347359673943356	2e-05	0
"34"	0.434	0.000303466303117077	16.6349381752606	0.00740355965526193	16.6434659692033	0.0184066730792004	9.12082075310412e-05	1301.76095361837
"35"	0.417	0.000356731561122331	18.3984796152765	0.0058779296875	225.752107325636	0.00225675826830259	2.06223298691385e-05	6.20472400939717
"36"	0.36	0.00562621973833699	0.00693147180559945	0.001	0.001	0.104640323008143	0.000138398151079858	857.662299794718
"37"	0.435	0.000585533617673412	0.0284941791796675	0.00646678286835326	17.291269639003	0.116023286499357	0.000108561177824726	1336.8088110419
"38"	0.456	0.00141	0.0545837324667429	0.001	0.209062270242447	1.28251989968353	0.00017016728094974	1400.28050590074
"39"	0.445	0.00102109454026766	0.0674210248465814	0.001	2.80924364949516	1.17025927449516	6.92124313881059e-05	1015.0369687729
"40"	0.446	0.00587873117593943	0.224422312423203	0.001	20.5669920845025	0.00206205577094533	5.96382349113045e-05	1183.50449006771
"41"	1.088	0.000670471730433504	0.171407191146429	0.0113950480982377	1.15485033890438	18.0504643814842	0.000754846325521581	6719.82487380003
"42"	0.438	0.00519094378832759	0.727968880884189	0.001	0.0215469798054598	21.5257611754976	6.99212822748593e-05	0
"43"	0.436	0.000773591932567488	0.823618394479883	0.0105355678594679	14.331062606593	12.1354763128407	9.21827478024846e-05	1378.22955444617
"44"	0.438	0.00065211904395345	0.833423342546529	0.00980079413954003	104.367793800739	0.016942614063585	0.000138844786909558	1459.10655122963
"45"	0.438	0.000664537228549466	0.758584855775853	0.00718749999999999	0.0195131204758244	45.1686165466579	0.000150264737696552	1382.8396683736
"46"	0.433	0.000667176930697313	0.802974259856402	0.0071875	214.19102466282	4.21168478502826	6.42349805282161e-05	1054.29644668364
"47"	0.417	0.00150225935286232	1.31144267966404	0.00567996804333843	0.228289214691426	0.521143893355183	2.34346432046686e-05	5.84196187688403
"48"	0.533	0.00587006124862206	5.92192165394686	106.938096321288	0.0097397616094728	0.257322021484375	2e-05	1736.30970287806
"49"	1.084	0.000767532971763072	3.96947757269965	0.0985499114113723	0.971116170658743	0.0124358890634129	0.000152285316353326	6778.36872331286
"50"	0.434	0.000689493815099495	3.62859604162033	0.00791396242296441	21.1332164911905	60.5094309939838	8.30575973902829e-05	1166.48228774335
"51"	1.091	0.000679183417077706	3.60551670626684	1.12244057855829	0.0113197236179618	1.12317044057811	0.000136680330160188	6700.0758111155
"52"	0.434	0.000660406742310638	3.56813468616395	0.00744912480034482	0.203631248975945	0.609860237606376	7.82522699993152e-05	1156.29777919431
"53"	0.417	0.000799640295219241	3.96522527219041	0.00472538238048103	2.21612781720463	0.04463738471721	2.3414754998755e-05	5.13306522015513
"54"	0.435	0.000675867830949065	19.3813994735585	0.00898627237016527	0.0162604985528385	0.119356173262142	9.69060720879928e-05	1301.19159195027
"55"	1.088	0.000792898918699505	20.5523076269982	0.169802129530472	0.0693154395183881	0.0121422377314277	7.97181065611123e-05	6717.81615935685
"56"	1.078	0.00090375	22.8561446161597	0.10928125	0.938027439911364	307.422178393179	0.000721366847469853	6802.13619691786
"57"	1.088	0.000670813742190714	16.7512971177957	1.12166812978962	0.0111802290365119	21.5292175498051	0.000763931048352929	6700.62676654308
"58"	0.446	0.000658739715798691	16.7725215069395	0.001	2.06023733123927	0.00220078782793735	7.75631464575385e-05	1170.56007094672
"59"	1.088	0.00146956983147043	0.0352414448972391	0.0110940533618234	1.12436453049688	0.0203489361743234	0.000763575121909593	6702.34496512571
"60"	0.435	0.00108343045209248	0.0358883737434463	0.00888008674940218	1.05485092334008	1.2289669930251	7.74846245636124e-05	1332.59003129876
"61"	0.349	0.00155909138302305	0.0069612777171639	0.001	0.001	0.00313309819054191	0.000143995615983567	1189.55881263009
"62"	0.451	0.00149596301585585	0.152605449508156	0.0193532104492188	18.9814112581788	5.12067105640762	0.000170192351270251	1485.2528407794
"63"	0.445	0.00144144864437705	0.166867728060585	0.001	2.0837734645295	11.9209192294556	6.49538542087182e-05	1064.94894722209
"64"	0.438	0.00146575608480774	0.773494149490738	0.00978996660339168	10.4670859032142	1.86581281879376	0.000138844786909558	1463.20425834898
"65"	1.088	0.00144448227449417	0.794819828524342	0.0119522407776213	121.470498677325	1.80430180964835	0.000763544880304965	6700.09662998101
"66"	0.417	0.0015713651681622	0.843250681701309	0.00598367222005529	16.4196404713219	53.239172618217	2.03867171664329e-05	5.13351695879414
"67"	0.417	0.00023536090965959	1.05480310439288	0.00674287682054755	224.339376711169	0.00228561744759108	2.06301236872702e-05	13.2656564281032
"68"	0.425	0.00172941735004918	0.936287217556613	0.0133480601835459	22.1713949338651	21.7269046896261	2.14142524533506e-05	6.13860167076339
"69"	0.416	0.00177015020295659	4.19585341424465	0.00580511285037415	0.0116881917054689	101.978888826971	2.00506893068696e-05	0
"70"	1.092	0.00144109329633239	3.60417867423193	0.0119274969039546	0.1212024659435	0.1212024659435	7.78752221756053e-05	6699.83956118386
"71"	0.436	0.00150560315214796	2.70798950309069	0.0104728768903589	14.1491195261567	0.0126384448125493	7.42309109275749e-05	1335.1252305632
"72"	0.435	0.00141361612461005	3.8568842800188	0.00786374561173069	0.0174118748351243	0.372208599065871	9.57060006321451e-05	1389.66923653187
"73"	0.416	0.00108288749940848	4.00348229488518	0.00600830247152449	22.2913892803478	0.177606028549992	2e-05	0
"74"	0.435	0.00113171295768256	3.60088178079086	0.00699046515405755	163.191491850692	119.563056283978	0.000100886022883439	1321.04697844196
"75"	1.088	0.00147545575255537	3.63475221276952	11.3001800358958	0.0113346367695928	18.0445965936492	0.000755022869880444	6717.49813635462
"76"	0.532	0.00144109022737469	3.60387750037514	11.8427674713327	128.511116547076	0.0561907968232683	2e-05	1640.01777055586
"77"	0.432	0.00145448961414342	17.8338378049923	0.00760235404968262	0.214249783418637	120.632494676287	4.99459582506785e-05	933.59329343337
"78"	0.423	0.00155891280860618	18.266492583546	0.0120122118362026	0.214196279839787	53.3852171136769	2.34616926370017e-05	4.99968775416479
"79"	0.447	0.00145085135162183	16.8489558927368	0.001	223.373954628627	0.279106091220385	8.36904585433189e-05	1317.5234471323
"80"	0.359	0.000331858871766129	0.00693147180559945	0.0129434540892487	0.001	1.33270928477965	0.000217265093397524	1275.43649236464
"81"	0.435	0.000222517963482168	0.0551136851731863	0.00655764471531198	1.86877324557374	0.118427279753048	0.000105701092822569	1268.93456068149
"82"	0.417	0.000587904528595419	0.0862308548236486	0.00681931721394893	22.2006661275114	0.015125334426303	2.06215004690831e-05	6.25987783200268
"83"	0.424	0.00281061298713732	0.00724710485889334	0.0010000000000006	22.9634066111291	0.0459083367179379	2.34111700757155e-05	0
"84"	1.088	0.00310533674286829	0.0371647857782828	123.147440477985	123.147440477985	220.491333221283	0.000752185071783134	6733.65634962568
"85"	0.417	0.00348614273080039	0.199763917393151	0.00700203695232196	14.8833379726912	0.339172565001056	2.0938632120587e-05	0
"86"	0.433	0.0032188174254342	0.169834038426081	0.0071875	21.9114565984067	22.0024097160159	7.52889189610568e-05	936.891152961746
"87"	0.551	0.000108859287228813	0.00693147180559945	0.120633299032775	0.103801393350038	1.15743322635568	2.61704467870491e-05	5388.51848687745
"88"	0.417	6.57507352692142e-05	0.0946258024416532	0.00571308825385852	124.630309761668	0.00212590992692338	2e-05	0
"89"	0.441	0.00304156414763044	0.782081723269902	0.0101845703125	160.130928287833	1.28134556399185	0.000125827421503769	1572.40736358738
"90"	0.32	8.59787115544837e-05	0.00693147180559945	0.001	0.00101070845488643	0.0487999384881289	0.000142742405773456	0
"91"	0.445	0.00304613173917029	0.781275203224248	0.001	20.9701035292493	12.0613691304559	6.27661532543007e-05	1061.51344390241
"92"	0.436	0.00314506128767735	1.35750348799324	0.0077268448707151	0.0156446669886803	2.31730588153038	0.000122670285219214	1334.37861794159
"93"	0.496	0.00304020025721085	3.67067149860821	0.001	0.0198508841939897	0.0149239145804427	0.000770038221539714	2792.56838154263
"94"	1.092	0.00302401764024316	3.61546125002453	1.12353370542178	1.12353370542178	0.121234467003774	4.03459353641964e-05	6702.04770625311
"95"	0.444	0.00339427483918195	4.7726539911624	0.001	219.225813756913	0.0128751121091558	5.02367851294803e-05	982.610756921944
"96"	0.416	0.00347841871213012	18.3524045177674	0.005640625	0.204819945790813	0.0475268198983766	2e-05	0
"97"	0.416	0.00326291049279974	18.3718038308686	0.0058678177891028	0.216710359631603	0.137590967162225	2e-05	0
"98"	0.532	0.0030324443622885	16.9951032917452	11.3810991860634	1.12525789127894	3.67375875086338	2e-05	1656.77144943184
"99"	0.425	0.00324459591194669	18.5845757526978	0.0134665670223789	226.792168862979	0.0267125675767706	2.14278253210777e-05	5.12862231351508
"100"	0.533	0.00301270243628878	16.6347958332	12.0756628888782	119.843327250282	3.31916998758837	2.38317561029298e-05	1684.4126981217
