"V2"	"V3"	"V4"	"V5"	"V6"	"V7"	"V8"	"V9"
"1"	0.37	0.00013734254149102	0.0446376279724748	0.0304357747955214	2.08559921187533	0.0117021188999268	0.000189985161603803	1573.52592494037
"2"	0.382	6.3548793105152e-05	0.0106418132987493	1.21583697422063	122.883564094531	0.0414857503024601	4.27856500738149e-05	1494.07157496694
"3"	0.384	0.00101185747690067	1.59818388447285	139.530767339336	0.0117951848929119	0.011796556145914	3.64155805088449e-05	2101.56836427045
"4"	1.171	0.000137893744932164	0.167268200280126	124.314919009688	124.976322918738	0.0522791349988121	2.33512897874895e-05	6722.41430220775
"5"	0.382	0.0001374256368026	0.782085425548672	0.251519984203334	0.167988734203334	0.00466823460961698	2.71155446236384e-05	1464.57060416256
"6"	0.381	0.000137111429884064	0.783831005564892	0.324681878908307	2.13792857075523	0.455170417851409	2.06433125207028e-05	1504.20062781075
"7"	0.38	0.000151511560857182	0.928158941525395	0.018578962002738	204.886515989667	19.8662753347778	2.87217852436141e-05	1001.51447869646
"8"	0.38	0.000175751952270733	0.99320821883558	10.2037406302637	2.37339449526502	0.001	2.27484839021891e-05	1522.25373807961
"9"	0.378	6.8569314031448e-05	0.00693147180559945	33.8553568662824	0.00109795469139502	0.013826300850364	0.000438871332869533	2412.7471440835
"10"	0.369	6.34335338404418e-05	0.161579701646137	0.0237982544271206	1.78089286250413	0.00306026683301733	0.000132523411458195	1534.61024642097
"11"	1.171	0.000137835781984362	3.61918790824917	0.12124021263809	0.12124021263809	0.00740576779532925	2.67633746955683e-05	6702.7866621481
"12"	0.386	0.000135759776533342	3.55578914705767	1.44479930921584	1.05850121710792	9.99995010297294	8.53649380275738e-05	1738.14660255321
"13"	0.386	0.000137662650093036	3.60530561117838	11.3051042102244	0.111678109132113	5.88267703977562	0.000103023926319011	1906.91042910222
"14"	0.385	0.000141136818333033	4.07945862585026	3.16894541369191	23.3971352322904	1.90436340220876	8.54824091182361e-05	1870.01181303784
"15"	1.166	0.000138211276701612	3.11245596953257	10.1148134623194	153.480042631774	0.112879206184138	2.91787774527503e-05	6693.28324802444
"16"	1.149	0.000164981404624774	16.3289714239482	0.11459299612655	101.94709433196	0.0114929212086876	7.34291784576029e-05	6695.9162653355
"17"	0.369	0.000137325073703992	17.4247135106407	0.023679664646712	2.11753304846002	0.376830538333472	0.000179029332935283	1610.38132163769
"18"	0.38	0.000137899357090199	18.4399164966821	11.4739988915891	1.14726721599135	0.00608512968920847	2.01382308390254e-05	1503.65714752937
"19"	1.166	0.000167828054961888	20.4655741269924	10.1188095249602	12.3514274722182	0.382287301410097	4.26024044527962e-05	6722.44352324316
"20"	0.38	0.000137856780694673	18.2535140339566	11.4691516147796	11.4750443578201	0.055463674502866	2.22321219686468e-05	1503.6912853192
"21"	0.38	0.00599428652487246	0.789242759285511	123.68578820236	0.123507340605893	0.00157028122743461	2.02752984841392e-05	1558.96144172501
"22"	0.381	0.000301449814087906	0.0350614878410481	139.536235630008	12.0769218671203	32.1620811977999	2.40040322258255e-05	1681.30344001214
"23"	0.372	0.000306341100998709	0.177912745080406	0.0162094899096619	0.0111469899096619	0.0119956837573181	8.70185643984376e-05	1458.72794701879
"24"	0.38	0.000351276354823168	0.84863520870292	0.0178803030156887	1.44678697347248	0.00219553915563158	4.69883035411124e-05	1002.12174554267
"25"	0.369	0.000173568872104649	0.161564954207691	0.0237167507410611	1.76944541607854	0.00306028233633744	0.000131772759682928	1534.60420125586
"26"	0.369	7.88689134385393e-05	0.010882146208582	0.0252904690502603	0.611867177316062	0.0823008667302158	0.000194792693750888	1545.98365640907
"27"	0.384	0.000302260489548261	3.56795633842338	0.175736718328831	1.10975519427866	0.120085443212495	3.64520435965771e-05	1497.0554796679
"28"	0.369	0.000295927399173808	3.57463287161519	0.0244145537465811	2.058315625	0.381502202428491	0.000184680144897447	1591.26996111027
"29"	1.169	0.00038935267181222	3.29152428320969	10.3112137549629	12.5810535432145	5.86208829858055	2.17886852369536e-05	6711.78921976798
"30"	0.38	0.000304060891499535	3.63708837870285	48.235673973965	1.16333765867611	0.506835121892117	2.10719773991521e-05	1494.18018652214
"31"	0.386	0.00030328249001117	3.61903566845829	126.843052665024	12.1948545070102	1.11335854303616	9.10781414171026e-05	1966.05498615382
"32"	0.369	0.000302501559692803	16.9315239950037	0.0238343897482176	0.175117648033676	11.2600861869966	0.000191682397638657	1573.73213526064
"33"	0.381	0.000356897067094325	29.6608645123374	0.0169100347991898	1.45322064630654	0.0349768680936518	2.13219203736382e-05	790.410046606281
"34"	0.369	0.000305396209024183	16.8944275528349	0.022296193530306	14.792848226981	0.0228424905353021	0.000133802275197734	1501.05560060923
"35"	0.38	0.00032759237831577	19.8537561652214	0.016609375	230.980150741172	0.00284852490337157	2.62253396306793e-05	1021.15940814288
"36"	0.368	0.000583005137678873	0.012447462512562	0.0239461699766256	0.00935506488479117	0.116434613590536	0.000179312235654811	1599.75434762537
"37"	0.371	0.000586976984422355	0.0327030882945477	0.0280521850585937	15.8849305525756	0.149377491165028	0.000227143556857472	1615.28263419726
"38"	0.386	0.000688197576209294	0.0348758803258164	1.03438817223719	0.103639868138371	1.06950936864673	9.24195679866518e-05	1997.2768744286
"39"	0.38	0.0015023764515849	0.0696206155947042	2.10525278053479	2.48264502352288	0.0392904874039738	2.18155762814385e-05	1490.43407355659
"40"	0.381	0.00465509882512279	0.19168584486916	64.9710902516244	29.1358908087294	0.00242583668037762	2e-05	1619.31265439267
"41"	1.171	0.000666435572582587	0.166825858697951	0.0113303638035614	1.12271081083607	0.291807361161036	2.63452045198254e-05	6701.29118303405
"42"	0.382	0.00121889891072396	0.259036923857642	1.20766374069194	0.016942633940546	11.1551066445793	3.6408915040896e-05	1681.92292815558
"43"	0.37	0.00065315625	0.770346447794809	0.00142022705078125	20.640476373291	14.3120937814474	0.000439051802054356	2120.32046064734
"44"	0.37	0.00067100170951192	0.770426957107335	0.0304198059125993	215.072212985466	0.0221570556728549	0.000194136176367534	1599.83096764783
"45"	0.383	0.000657907881459266	0.766734769297043	0.249835194934199	0.0160276313576544	11.1880812238095	3.85442691889796e-05	1548.11813068785
"46"	0.369	0.000696232609745181	0.793895866516243	0.0194521436024565	148.789696841678	5.79294053972534	0.000127038093254607	1483.63049487417
"47"	0.38	0.000767447365438501	1.60408640699878	10.8872219406302	0.297761183663725	0.351049718318626	2.32065645525539e-05	1546.06683609948
"48"	0.387	0.00599335614715242	4.432083747948	119.950909212316	0.0117059457548332	6.13907053591161	0.000116936503068085	2046.49385128566
"49"	1.166	0.0008784375	3.51827665785581	0.0837578125	1.3980390625	0.0121678886687885	0.000149413065270027	6716.75559158819
"50"	0.371	0.000679175084836068	3.61245661680635	0.0210733959304482	14.5318785573011	108.233941892228	9.79411930314302e-05	1503.46423526677
"51"	1.171	0.000665099983040625	3.6043323819072	1.12043496862516	0.0110849997173437	0.0659921634670189	2.30581106951851e-05	6699.84097244386
"52"	0.38	0.000667073994001975	3.65221218661735	1.21796346509539	0.12040927988694	0.0478164895661018	2.00229611019098e-05	1511.66078862358
"53"	0.38	0.000803571099502545	9.66742320215714	1.37514242834574	1.37514242834574	0.0366294016829117	2.00196417786638e-05	1466.35006878087
"54"	0.369	0.000664721914367606	16.8269913406485	0.00394317642720656	0.0139474485727934	0.114185996800728	0.000438232585575267	2178.17902227658
"55"	1.167	0.00090375	20.5308302506448	0.1	0.25075	0.0121553354755408	7.79173380717277e-05	6700.54027293759
"56"	1.166	0.00090375	20.6693113378777	0.1	1.21314521415899	120.52045318968	0.000148944539491292	6697.99091429872
"57"	1.171	0.000679227521695071	17.1813754734254	1.14657091513588	0.0110995887182915	0.645675118634973	2.73011998834007e-05	6703.58990911328
"58"	0.385	0.0006901174492533	18.3155247563449	4.83523961210195	2.1655360564667	0.00285567486381257	8.28620778651492e-05	1873.87266671585
"59"	1.171	0.00144791675772982	0.0355739383358758	0.0111862594153475	1.15543674154158	0.00153619581331186	2.76862273180298e-05	6722.14477782867
"60"	0.37	0.00212335632101641	0.0326186661082635	0.0236061549382219	1.70657698200501	1.50657012712725	0.000213115936331796	1573.53406306811
"61"	0.37	0.00596245832856751	0.00693147180559945	1.19343251124085	0.0114488186789022	0.00156593068130692	0.000114399669626028	1531.12884503295
"62"	0.386	0.00142271208678357	0.17102905221503	1.40392460584942	10.3518109306631	2.34052497175377	8.72076223900073e-05	1737.47718345426
"63"	0.38	0.00145436686622424	0.167971742562738	2.69253548270926	1.62360202514293	0.189652633683307	2.00289136428464e-05	1466.22438496615
"64"	0.371	0.00142370565771117	0.766099146964663	0.0304760898210034	22.3791152501246	2.32374405955147	0.000193519417326303	1586.06527548273
"65"	1.171	0.00144500237826359	0.792099088943676	0.0119560382001333	121.447545845543	0.0515833049823077	2.74610205961359e-05	6699.95051490475
"66"	0.38	0.00171601328761546	0.928825247403482	1.34737764467917	13.5624370440053	181.250512915759	2.06452117986559e-05	1501.3886597925
"67"	0.381	0.000109806070807717	0.261622165583351	0.335348293579792	227.559158641016	0.00140514275012535	2e-05	1443.21070676887
"68"	0.38	0.00178671976253563	0.968187165336663	13.5495176972527	24.7543550583625	36.8994213047011	2e-05	1544.53588211486
"69"	0.379	0.00171094466193292	4.13625860472053	0.0179958098341759	0.0180995047078394	19.2503463157935	5.6958572790923e-05	1071.92843785076
"70"	1.172	0.00144109329633239	3.60417867423193	0.0119274969039546	0.1212024659435	0.1212024659435	7.78752221756053e-05	6699.83956118386
"71"	0.37	0.00141542954399164	3.559619106292	0.0013081031450881	20.7105248092154	0.0139589175267859	0.000437809806216352	2176.44707255226
"72"	0.37	0.00142194593608241	3.5563691830952	0.00404543305541839	0.0190544908073363	1.17589837560468	0.000404674350189287	2104.1491407787
"73"	0.38	0.00129266081401913	3.21761469149682	0.01646875	17.6723411462036	0.417838749207942	2.00063682093357e-05	1001.66764022285
"74"	0.386	0.0014509377525598	3.62952464196209	0.606924037962148	339.92375781879	56.7242605185492	7.94430178650878e-05	1865.49052484207
"75"	1.171	0.00144723177468738	3.63953145213473	11.3248044252409	0.0111285656444926	0.564824528053397	2.79132703973084e-05	6719.35423996291
"76"	0.386	0.00144680029189513	3.57973070174623	12.0662167493917	126.787457170868	1.12492109479497	9.55906703818565e-05	1965.87879158474
"77"	0.386	0.00143015456535988	17.1383499420812	1.48605570017903	0.111042681999724	238.395205820805	8.73087229688014e-05	1764.91769702435
"78"	0.38	0.00171024376050513	20.6338600819507	7.98671976885834	0.164669399848516	181.043708361182	2.06395175101936e-05	1501.10396206992
"79"	0.369	0.00143375376459297	16.823876034777	0.0242430177931164	217.667185216952	0.375662059650399	0.00018702622627168	1564.91687936026
"80"	0.369	0.00303484321028853	0.0354751700793725	0.0237281250213597	0.0203135770296801	1.09862907198483	0.000185333062153778	1574.8374016352
"81"	0.382	0.00302450804895661	0.0352269502338307	0.251487998690051	1.76429328569076	0.0598870013099494	2.87874601761048e-05	1497.61712454806
"82"	0.38	0.000504348432630033	0.0855334480857045	0.0193537596172259	17.8404253495391	0.0454348432630033	2.36434830168213e-05	1001.12650974954
"83"	0.38	0.00526903008911154	0.0621984071999185	89.1829919526238	23.1665017764857	0.0249085814187597	2e-05	1509.59006139828
"84"	1.171	0.00304494690752647	0.0363386129213174	122.505765210744	122.511767841712	6.40469219137912	2.79250493903912e-05	6706.74433525115
"85"	0.38	0.00317368521257133	0.190586324961498	0.0163936964811653	11.9645393049846	0.0493395664177677	2.04931002006775e-05	894.418111550301
"86"	0.382	0.00300302538232162	0.164973589800611	0.177386933174521	11.3195490181564	0.612992914260236	2.04285882112866e-05	1471.11905240154
"87"	0.334	0.0021011015893731	0.00693147180559945	0.228008363406741	0.190804544713811	0.828735201151198	0.000236967258375728	5541.69476951177
"88"	0.369	0.00307397997739027	0.810013992281944	0.0242255719414349	195.531453604405	0.00204986527628268	0.00013975801511625	1529.41396202367
"89"	0.388	0.00306150945820004	0.792880919916069	0.438689685343025	253.581743714967	1.23884967000729	0.000115443871892685	1886.8517545022
"90"	0.385	0.00433697583602166	0.156881449384264	14.123445195863	0.103247164646828	0.0119828277205136	7.17907207216031e-05	1707.72461461102
"91"	0.38	0.0030396387131898	0.781913956880566	38.2758037351691	12.0239267134882	0.49854602439608	2.0034605752406e-05	1494.22545556799
"92"	0.389	0.00301717851445415	3.57492977278866	0.327567559533911	0.168467856644845	1.6442141351307	0.000117102175160224	1963.29067709942
"93"	0.37	0.0030016114218252	3.55707034176255	0.00282786983037699	0.0194783342775897	0.0116723267571776	0.000404674562019706	2104.32171653633
"94"	1.171	0.00344592733314885	3.9693842456138	0.991349459098344	0.898802147820596	0.124457321664669	4.05541888627958e-05	6722.18305420043
"95"	0.382	0.00303918162891681	3.57389338931908	9.8240315071252	110.176829624012	0.0047305770684814	4.24202629528959e-05	1616.52481620067
"96"	0.381	0.00340271623980799	42.6221808314176	0.315998339320557	0.131695966962654	0.0572346798329651	2.05417585440881e-05	1455.78806742978
"97"	0.38	0.0031023594243004	32.9578329467046	1.47221819315101	0.223971366324868	0.202178704351557	2e-05	1523.13703211139
"98"	0.381	0.00300625818256161	16.7988052543797	11.25310450976	1.11165837248058	56.9677105825024	3.08697110638996e-05	1497.58573933042
"99"	0.38	0.00374119080881452	21.3976769776533	5.49016612648233	336.209126591001	0.0347313003824216	2e-05	1522.51808569182
"100"	0.382	0.00303539069385927	16.6334705463192	12.0733013276247	128.855680603152	11.2567375125889	3.86579241444706e-05	1626.76846330911
