"V2"	"V3"	"V4"	"V5"	"V6"	"V7"	"V8"	"V9"
"1"	0.247	0.000168228252190489	0.0735263889432255	3.24452109647557	180.257212171205	0.0228409270252697	0.000526999312685457	0
"2"	0.227	0.000135759776533342	0.287876321971242	0.227767105510917	224.948124049554	0.757754859340725	0.00077015069381171	0
"3"	0.21	7.18683881488601e-05	0.513115190782112	100.000858298302	0.00919001808357631	0.0145057586593471	3.74750874237695e-05	344.150575809175
"4"	0.767	0.000137893744932164	0.167268200280126	124.314919009688	124.976322918738	0.0522791349988121	2.33512897874895e-05	6722.41430220775
"5"	0.263	0.00014616333958522	0.396743322370322	2.12890076075173	1.09433142481423	0.0848709082261871	0.000758566433257437	0
"6"	0.262	0.000135759776533342	0.757479903255665	2.13888454189247	10.9600340940015	247.699531065959	0.000750418070874193	0
"7"	0.255	0.000152871066633078	1.46946693166148	4.23755467478877	970.355847525057	229.3468271083	0.000572490757271353	80.3415948757902
"8"	0.206	6.56792444944507e-05	0.00693147180559945	16.4063080626456	0.141464045684206	0.121478101305072	3.88964289318295e-05	250.422489925377
"9"	0.206	0.000229236003543164	0.00693147180559945	107.79604398023	0.0133946165680886	0.0179102081952317	0.000123973428687013	0
"10"	0.25	0.000156861391203111	0.398141987353883	5.17902456578238	288.54895036733	0.0201990929734606	0.000579420851735344	0
"11"	0.767	0.000137632880863633	3.61506437592289	0.121601453812961	0.121601453812961	0.031956101372726	3.61340980302132e-05	6701.96901042449
"12"	0.224	0.000104785399436953	3.8771799403267	0.171041651296636	2.84026350555839	93.4045375803777	0.000768852414667502	0
"13"	0.208	6.27571947554072e-05	0.00768074955823644	10.2340147246467	0.177729951731607	12.6881046557569	7.17805254724504e-05	253.397645335748
"14"	0.225	0.000144267030250473	4.09629915848882	0.139123774347732	14.9766258108327	17.4992213926315	0.0007701635	0
"15"	0.762	0.000116289283285446	2.63844706552997	17.4632955574564	174.99925	0.0499657535279366	3.674182490798e-05	6704.08750192696
"16"	0.734	8.89033998863865e-05	17.7321167808031	0.1	100.720476689409	0.0123498166927993	3.63097954316473e-05	7196.87797544372
"17"	0.247	0.000152962566769146	18.1863149086129	4.21471110554935	2.50548454304935	2.30750412133371	0.00049070355283921	0
"18"	0.225	0.000146484345990955	14.0417671854401	0.190720532893773	1.35507130063382	0.505189782042262	0.000742920358496614	0
"19"	0.764	0.000168228252190489	20.4404157217372	17.6809516541396	9.50521530323223	0.287203502381784	4.27409928722166e-05	6702.87233559925
"20"	0.225	0.000153833493836825	17.830348657329	0.192851913174135	13.5464624526876	5.12086356735229	0.000742154272616803	0
"21"	0.213	6e-05	0.177213640145465	445.369673026901	0.437550434551546	0.0154602455178042	0.00010682604131004	380.425287166144
"22"	0.266	0.000783948423992459	0.0334924168774784	288.105021991661	8.91592910770545	997.148986324376	0.000663352785317018	292.712818042524
"23"	0.257	0.000348209821742589	0.289244199466587	1.30048923952943	0.655020489529428	0.0840200928009121	0.000749267439816158	0
"24"	0.255	0.000388414467144664	1.04521471769543	6.91920346276079	384.459328804318	0.024271152628561	0.000565457301461232	80.3415948757902
"25"	0.25	0.000365542925591142	0.39814194653822	5.17902456664055	288.548950345103	0.0201990926108599	0.000579420871635851	0
"26"	0.254	0.000298979267205839	0.00693147180559945	6.90697315206737	384.393033307847	0.211200909316105	0.000578528030428838	0
"27"	0.245	0.000298979267205839	27.5996739962792	1.56446152776917	8.72913304451843	2.3643009111467	0.000517784373283108	0
"28"	0.247	0.000408183136659067	5.2231493725948	4.46513106912566	2.50625462720855	1.87402920911773	0.000504587578317479	0
"29"	0.765	0.00037513262207473	3.55998703883187	11.0409081976964	12.0330097819108	4.12064887390104	2e-05	6709.00226493864
"30"	0.206	6e-05	0.00693147180559945	205.369708473581	1.68163477109927	5.20897528590402	4.31124712832322e-05	295.957107879876
"31"	0.266	8.21122032385458e-05	0.0309978949921193	188.096533951771	9.793868030835	3.17081000347322	0.000610334441079332	362.66023032367
"32"	0.246	0.000298979267205839	31.2910689548611	2.4885883370425	13.7059612399382	22.5013872843489	0.000519575652088863	0
"33"	0.26	0.000298979267205839	18.89512839287	5.18879499438122	289.364877878984	0.609529863991101	0.000556256362012027	120.512392313685
"34"	0.247	0.000474188088945743	22.704694389443	4.79216817946398	247.667964153206	0.211092128766318	0.000513478492222532	0
"35"	0.24	0.000108294256434805	38.5314342415158	0.249075822475812	223.26126963349	0.0847444708655167	0.000762327477431059	80.3415948757902
"36"	0.284	6e-04	0.0322309297503172	59.100306628663	0.0516264199416487	0.218604060551225	0.0007701635	362.66023032367
"37"	0.248	0.00143356934608582	0.0559595801134749	3.60607275613888	187.866326397371	0.530120547410433	0.000526988984335445	0
"38"	0.238	6e-05	0.0261085351016056	1.67434376220038	0.0804999734615326	2.924739704223	0.000459858759818581	287.224665081398
"39"	0.201	0.00070125	0.00693147180559945	27.1866985188678	0.024422297359391	4.33441181190465	0.000269845750834817	52.7581109539424
"40"	0.233	6.37205157575128e-05	0.00704016586874089	63.0888452696549	10.4565598547492	0.0144599435552768	0.000333287923362194	15.4581190260703
"41"	0.767	0.00066622550690389	0.167187307773636	0.0113286194767223	1.12563718500011	0.28644780998947	3.34715327296729e-05	6700.94996948678
"42"	0.219	6e-05	0.00693147180559945	258.616694904116	1.9706044507932	18.7420776611133	6.1881659461929e-05	332.624186012254
"43"	0.247	0.000650625	1.08582012463785	3.02868124571282	998.409886013059	22.8389603795724	0.000531492878958859	0
"44"	0.247	0.000650625	2.49259154350075	3.03050098543565	981.939150412216	0.0867701199571399	0.000524554435186939	0
"45"	0.219	6e-05	0.00693147180559945	404.52402444458	2.16466475670878	10.0000017879605	4.30349156996707e-05	262.125970521721
"46"	0.247	0.00149513587365299	1.08614061143247	4.22245674837576	980.451332672587	25.1582279785835	0.000525731542728202	0
"47"	0.208	0.000808767983334682	0.00693147180559945	21.6038184026846	0.0319737548828125	9.99738315917172	0.000328459106851684	113.235716484933
"48"	0.22	0.00019489482162919	1.2078089621257	46.1364561032566	0.0100399207175166	11.8748125	0.000228068496532272	362.66023032367
"49"	0.762	0.000745964264569064	3.94347360310552	0.0995588793466542	0.997670911480471	0.001551138266903	2.31195900952146e-05	6711.56043101647
"50"	0.267	0.000650625	7.80492550388969	3.60627371351881	187.886623092744	529.186309928559	0.0007701635	0
"51"	0.767	0.000665099983040625	3.6043323819072	1.12043496862516	0.0110849997173437	0.0659921634670189	2.30581106951851e-05	6699.84097244386
"52"	0.2	0.000149395867959948	0.00693147180559945	1.34670536627528	0.0187144770867144	1.37211380185443	0.000120659999283521	0
"53"	0.225	0.000787416869484884	3.89100729258318	0.198605736196679	2.71064820368375	2.46395124347539	0.000768395343059471	0
"54"	0.247	0.000650625	17.9409904035048	3.24506344152353	1.62506508947275	0.226213453066356	0.000500746023255626	0
"55"	0.763	0.000906816190468411	20.576292574566	0.0809299679979639	0.25075	0.00469433925132029	2.94554726417326e-05	6701.84739931292
"56"	0.762	0.000906264021838268	20.6321148807078	0.0695463586692781	0.268539768684503	1.68004773724581	2.54906365512102e-05	6655.13179040738
"57"	0.767	0.000671706615626812	17.2576415825691	1.14955280596985	0.0114114701513526	2.87682474302414	3.2017476415888e-05	6722.22127451203
"58"	0.226	0.000791885079524725	16.3327600458823	0.218280476198101	1.0936484599842	0.0179726647921426	0.000739450054824152	0
"59"	0.767	0.00144791607346574	0.0361096451244457	0.0113443344925152	1.15580117785919	0.00437763578505238	3.21016833015576e-05	6722.37700368542
"60"	0.264	0.00140822276533342	0.0487378226609731	2.1632763671875	120.45346281172	5.65656556801554	0.0007701635	0
"61"	0.199	0.0009456889053596	0.0525483573076603	0.53599010790668	0.00553021727149835	0.013027160981324	0.000414324370870324	0
"62"	0.209	0.00156979437175074	0.288676289609409	0.250621076016621	0.001	24.7214045115653	0.000754060501534892	0
"63"	0.207	6e-05	0.00693147180559945	20.6309984046267	0.317305801672149	15.8180618166526	6.83796743807068e-05	279.687013018889
"64"	0.247	0.00140822276533342	2.36390247751389	3.02902422230159	998.028839022931	9.35674588759104	0.000540005109265753	0
"65"	0.767	0.00144500237826359	0.792099088943676	0.0119560382001333	121.447545845543	0.0515833049823077	2.74610205961359e-05	6699.95051490475
"66"	0.208	0.0014412919009506	0.268438331212158	0.239612710005977	0.001	937.005489938216	0.000741965831686406	0
"67"	0.224	0.00157926500153978	1.82652174563613	0.160309027772083	230.012395509367	0.0179724598282936	0.000767009208939184	0
"68"	0.239	0.00140822276533342	1.67436465618544	0.212771150417086	17.9697399710161	529.197521995902	0.0007701635	80.3415948757902
"69"	0.255	0.00140822276533342	4.02223506463076	5.18913373792334	2.59966498792335	185.464320270719	0.000586982388229262	80.3415948757902
"70"	0.767	0.00144605785086247	3.61798820987929	0.0119768970616429	0.121329873137193	0.0415451268628066	3.04253578602244e-05	6702.54877497703
"71"	0.247	0.00160423616019574	0.223894907643598	4.31437687990977	998.37024397891	0.0240130473079523	0.000507418448013133	0
"72"	0.259	0.00217263740132179	0.119796138500071	49.4598648656635	0.0121349211541642	1.32225662338072	0.0007701635	309.735518228258
"73"	0.264	0.00175496504601034	3.21745117253865	3.67605533310956	189.123340908699	2.32980378305531	0.0007701635	80.3415948757902
"74"	0.247	0.00140822276533342	5.02788181744672	4.19844899848211	985.152675260477	227.346163977094	0.000520622807465923	0
"75"	0.767	0.00144723177468738	3.63953145213473	11.3248044252409	0.0111285656444926	0.564824528053397	2.79132703973084e-05	6719.35423996291
"76"	0.224	0.0003861004867868	3.85103177023534	0.159536423742461	199.14903810273	5.22440991041916	0.0007701635	0
"77"	0.224	0.00161250135454949	34.887620491912	0.168726235494966	0.200418387431087	983.368814584432	0.000764933188376996	0
"78"	0.206	6e-05	0.00693147180559945	23.4894741725533	0.170754939952167	112.115381022644	3.16111466536843e-05	259.337820162524
"79"	0.224	0.00155361528412221	23.4858019175288	0.168510108952064	135.26266733355	1.87881968111036	0.0007701635	0
"80"	0.241	6e-05	0.00693147180559945	3.29922203206508	1.61385687321296	2.39935574970154	0.000484112992251485	0
"81"	0.247	0.00562316226264671	0.0542821934118226	2.26803464715288	11.674543313564	0.912977245495771	0.000528975334753048	0
"82"	0.248	0.00380793145919693	0.0604780928114816	4.69761831734989	90.0811787033081	0.191816162808877	0.000538444394286919	1.35164997290499
"83"	0.27	0.00380443010714469	0.0277709803385065	209.151714023027	9.00354337146822	2.45696022843605	0.000767102755881065	181.555404428704
"84"	0.767	0.00306060401471176	0.0364366111795292	125.52347975601	125.546677886539	27.5091964718753	3.33074623204703e-05	6726.04511606142
"85"	0.254	0.00297057830016767	0.466567884046572	3.03032292506234	996.585980255735	9.41895267528459	0.000564900884420871	80.3415948757902
"86"	0.261	0.00297057830016767	0.162684273231865	1.41805152038872	79.8487989977253	247.750769486168	0.0007701635	0
"87"	0.58	0.00157143705929637	0.178485071781037	0.00876072892589921	0.0079301746761166	1.23956343169908	0.000129603248805592	6823.05471271264
"88"	0.248	0.00350453561973732	0.06085239173797	6.04048629996304	980.378868020902	0.0239582508701305	0.000495619508506401	0
"89"	0.225	0.00297057830016767	0.757479903255665	0.183703886074882	927.199130784511	1.15821229410185	0.0007701635	0
"90"	0.213	0.00311907683432158	0.00693147180559945	6.91557177865353	0.046479984516036	0.0810808147010357	0.000730480527834219	8.06602912052754
"91"	0.229	6e-05	0.00693147180559945	110.622651272339	10.2366521764734	33.9742907965043	0.000280520941525904	167.640957414642
"92"	0.264	0.00297057830016767	3.51827665785581	2.38009375	1.19056556371968	9.18626931678537	0.000759674817340013	0
"93"	0.206	0.00240690567710983	0.0155530782892049	35.1170281643478	0.0182456216704983	0.0180459939940056	0.000602687581823697	0
"94"	0.767	0.00302401764024316	3.61546125002453	1.12353370542178	1.12353370542178	0.121234467003774	4.03459353641964e-05	6702.04770625311
"95"	0.249	0.00320338275341362	3.97123973107276	15.1600295190312	114.105314681329	0.0600053471336073	0.00047637863288643	0
"96"	0.253	0.00297057830016767	69.1882627359762	3.6052759968369	1.84594441455793	2.44922339862776	0.000560034958515521	70.2988955163164
"97"	0.255	0.00325745007559851	19.7311596311338	4.65259375	0.290822476470076	1.97665260564363	0.000588992828676438	80.3415948757902
"98"	0.208	6e-05	0.00693147180559945	390.294869606322	4.7129257112047	127.505238521518	6.6691512009135e-05	305.870203042916
"99"	0.224	0.00314724706270743	30.7693302241007	0.165810370816332	157.051759007256	0.518552098784596	0.0007701635	0
"100"	0.22	0.00323468536192576	2.79393731102898	0.204581708564329	0.001	248.62710640342	0.000758990528260562	0
