"V2"	"V3"	"V4"	"V5"	"V6"	"V7"	"V8"	"V9"
"1"	0.267	0.000136781358047263	0.0392693397132655	0.001	2.16514000439351	0.014068618179238	0.000554496074421101	1912.96436048154
"2"	0.274	0.000135759776533342	0.281252306690914	0.001	227.56883676213	0.231825085719086	0.000570815640536149	1862.69544166862
"3"	0.47	0.000982165066313165	1.57067823064412	140.765159632147	0.011822978271805	0.011852666665469	4.02240088209134e-05	2176.11969031873
"4"	1.178	0.000139257950735864	0.170240940130811	121.463102368746	121.462388231865	1.12112087243116	0.000139394865502133	6699.81650216682
"5"	0.275	0.000136734971827506	0.77982145711158	0.001	0.183650119582981	0.0468635651630149	0.000474892261669597	1898.66093508008
"6"	0.365	0.000135759776533342	0.888086915429438	0.00680078124999999	1.70125418360925	52.6052328524403	0.00018225019522049	1491.26077751813
"7"	0.393	0.000146154323780751	0.963386171696828	0.00834708976745606	131.223406260621	120.053332588276	0.000170099630992285	1237.26056108717
"8"	0.386	0.00038802587487536	0.887288694182427	0.001	1.93726882541619	0.0274618248933832	0.000142296022128969	1446.82753847461
"9"	0.249	6.64732080825362e-05	0.00693147180559945	40.3907491467036	0.00109843528780999	0.0154672015653053	0.000532698879277775	2255.26933688184
"10"	0.353	0.000137789440080811	3.93916581886955	0.00543392672906076	1.12476165146186	0.00430570865800129	0.000247018469324505	1607.70544939125
"11"	1.178	0.000139428622205765	3.60403226113972	0.121238633279264	0.121274814043806	0.121274814043806	0.000281713100828532	6699.78146175171
"12"	0.461	0.000137058515559628	3.55587452497891	1.10535590990867	1.11235801463467	25.1156091532703	0.000211043028958881	2131.53504279109
"13"	0.462	0.000138449325757435	3.55311540498432	11.139655344447	0.110340969653488	7.45349690346217	0.000204958269331824	2101.54232600295
"14"	0.263	0.00016759550748359	1.48234652318885	0.001	21.5284230750726	5.05677959627195	0.00062478499834824	1963.30259883893
"15"	1.165	0.000129266081401913	4.76214020525563	7.87618356702079	142.480151911489	1.32942109310876	0.000658237885545426	7200
"16"	1.177	0.000169741489741621	20.5636183966982	0.1023203125	93.6416214395966	0.0119812987902933	7.79770102400907e-05	6717.23691320872
"17"	0.267	0.000138869761246435	17.9877056349721	0.001	2.08227181662086	0.820988455798889	0.000556805954701233	1956.30473734612
"18"	0.466	0.000136825843992944	16.7388930930374	11.2085520978582	1.12001424447059	0.00618405112400869	2.3090230705933e-05	1156.87596498526
"19"	1.171	0.00016497643972391	20.5308302506448	17.49925	10	1.81182174581092	0.000286041077753877	6722.65626542747
"20"	0.466	0.000136796987989543	16.5339431856214	11.1901162339407	11.1901162339407	0.067609668036236	2.14226912874317e-05	1174.94638234306
"21"	0.466	0.00599302514458848	0.788889962432886	122.565106166359	0.12232515187828	0.00146163258322597	2.00633442953898e-05	1128.0721417704
"22"	0.467	0.000306128482792068	0.0353895932080603	121.400660882406	12.1462648929196	129.181553874635	4.03365348397451e-05	1630.74359469307
"23"	0.35	0.000304100129151506	0.186048783580905	0.00641406383417317	0.0195958180149157	0.0204875400085419	0.000270313825939602	1609.12978709585
"24"	0.335	0.000366152541192157	0.787680866381598	0.001	2.58783910824716	0.0052962172545599	0.000283482280362007	1622.89327454625
"25"	0.35	0.000305381707946539	3.93916580869462	0.00526166933200242	1.12476165182374	0.00427915132796724	0.000276472216143586	1607.70545798028
"26"	0.266	0.000311839148664718	3.63546795875281	0.001	2.19240409551261	0.118079650044806	0.000569236082513683	1939.01296579478
"27"	0.272	0.000305457542852937	3.66582669859373	0.001	1.67203418158236	1.46687056926957	0.000504022738655036	1908.16953737317
"28"	0.267	0.000308834218881563	3.58956486097309	0.001	2.17759429243565	0.826665023285951	0.000556637341100637	1956.50791972984
"29"	1.174	0.000391017521055571	3.44216535227963	10.9720398451699	9.5901205002777	121.763083386757	0.000473891088765823	6701.03065380663
"30"	0.467	0.000302829734755109	3.57462489659066	96.6407720707757	1.39223003110719	8.33248634749406	6.36692162288042e-05	1617.79737409626
"31"	0.462	0.00030128371013961	3.55213605786415	119.921675786103	11.980270703125	1.29151936893463	0.000183892373932225	2103.4454607638
"32"	0.283	0.000302098249197033	16.7056373265817	0.00102141223332523	0.213268034824064	14.2370920918838	0.000424685743200195	1862.69544166862
"33"	0.371	0.000341268466728232	33.1105402917778	0.00810797777280951	1.51392892328961	0.001	0.000156014474632624	1521.79070934616
"34"	0.33	0.000310705542605928	18.3370841512319	0.001	17.8939669398443	0.071220944036705	0.000315633084421948	1626.31888794609
"35"	0.363	6e-05	0.00693147180559945	0.00868645091965137	198.574672669514	0.0177567345073192	0.000189699568769971	1479.19062456656
"36"	0.27	6e-05	0.00693147180559945	0.13123421708198	0.0010041833981007	0.119845414235705	0.000524585117286633	1872.82046064734
"37"	0.276	0.000650625	0.0484041960137122	0.001	21.8033614377145	0.231187201024493	0.00051179981853281	1841.43148345874
"38"	0.464	0.000661461951078136	0.0350459979863739	1.19814154576729	0.120563773679641	1.22162879813595	0.000150737258442241	2101.51201773071
"39"	0.286	0.000942614279016245	0.0718520558324883	0.001	2.10211766618005	2.21014798309221	0.000417413781518449	1826.49515315937
"40"	0.268	0.00590177208222363	0.248258554265675	0.001	21.5501894553215	0.00557231685566788	0.000573301234363036	1984.76562393773
"41"	1.178	0.000666505200198802	0.166510113279352	0.0111084200033134	1.12049575465806	11.2096733461278	0.000449176119142267	6700.11082494123
"42"	0.465	0.00137232493779445	0.259592268482398	0.975459265191029	0.0106429627009817	11.3009451183912	3.87249777810831e-05	1464.66595384181
"43"	0.259	0.00065315625	0.770346447794809	0.00105108642578125	21.2556492248535	21.3425870176315	0.0007701635	2030.32046064734
"44"	0.299	0.00188970604279776	0.780272474653267	0.01	101.108295943094	0.0472180528386536	0.000677623028325115	1900.40619384859
"45"	0.283	0.000127497353653721	0.00693147180559945	0.0869694081712291	0.001	112.482359579027	0.000376313743351181	1830.47678281165
"46"	0.311	0.000680146315055902	0.785044832046981	0.001	236.351218588364	11.6747342803916	0.000365082745360656	1698.53521266209
"47"	0.376	0.0022106778373681	2.08345666803849	0.001	0.174424479636882	0.554636048420514	0.000218953749573607	1438.29990273756
"48"	0.462	0.0058598856973031	4.46558568431548	122.426590341096	0.0120161381493336	11.5346532207048	0.000198470023260264	2167.55834177351
"49"	1.169	0.0008784375	3.36738975146936	0.0999543964520081	1.18948313707537	0.0121708682420155	0.000128358030514047	6664.97864627512
"50"	0.365	6e-04	3.21737769293793	0.0064140625	21.4048588964494	140.619594903841	0.000182671744813401	1497.0512881603
"51"	1.178	0.000679183417077706	3.60551670626684	1.12244057855829	0.0113197236179618	1.12317044057811	0.000136680330160188	6700.0758111155
"52"	0.305	0.000688603616942815	3.63117065470237	0.001	0.209056496439516	1.2224312880244	0.000412103572271398	1717.35598879464
"53"	0.301	0.00506080869607838	9.49278168589355	0.001	0.210141235351563	0.0428803626713879	0.000460823895276202	1737.97601220711
"54"	0.259	0.000653138732565842	16.9008914686682	0.00121625835657828	0.0199034499186402	0.176592587039549	0.0007701635	2024.66041725544
"55"	1.172	0.000891067307979472	20.8814003345135	0.1	0.25075	0.0104664064284721	9.68811083630134e-05	6701.05563163737
"56"	1.17	0.000823722998643169	20.5308302506448	0.0919593291996992	1.26133747625507	108.190867656316	0.000175464066480332	6929.12625839198
"57"	1.178	0.000665353693371361	16.7827589191486	1.12019292362211	0.011089228222856	11.2030120553528	0.000263899307281017	6702.19332548591
"58"	0.269	0.000831259722230251	18.0307766098675	0.001	2.1049772158738	0.00862512827843306	0.000537878548604974	1955.07356669682
"59"	1.178	0.00144430658327448	0.0352275397002173	0.0111137945676082	1.12088958926303	0.011932845398766	0.000288312486769252	6700.13066549041
"60"	0.294	0.00298166888355657	0.0446022120694025	0.00829657044813313	1.0250984639384	2.72128227651979	0.000741190030631281	1902.98713006819
"61"	0.259	0.0059440963437896	0.00700927482110244	0.001	0.00105543953453912	0.00561191886332603	0.000503870176512665	1723.72787729693
"62"	0.461	0.00142410457885568	0.164768869792036	1.106527537485	11.1950639147899	6.64160905432308	0.000225377187586434	2176.50850855126
"63"	0.466	0.00225345823025965	0.258561920714264	9.83733841074108	1.1083792353158	0.507898094924608	2.13999894591901e-05	1149.61402147233
"64"	0.314	0.00151125382437239	0.765673737786861	0.01	10.1203096006756	5.10982716849305	0.000478267852365887	1903.36601692133
"65"	1.178	0.00144159848910664	0.793129983056842	0.0119311854571369	121.842251477527	1.14555600873042	0.000455906736998443	6702.46316537268
"66"	0.293	0.006	0.963597690595907	0.001	2.09429650878906	186.842759185808	0.0004818469805563	1771.78635847718
"67"	0.308	0.00152801259496715	0.795341025500246	0.001	235.777061622927	0.00646802265645568	0.000315264842719656	1796.15635712406
"68"	0.344	0.00209543575799856	0.963049777106555	0.001	13.4261688740674	99.5218319658318	0.000219649522676336	1766.47614386819
"69"	0.255	0.00132132631119873	0.00693147180559945	0.00402157956672825	0.001	67.0370612713864	0.000587509754730432	1759.35626163158
"70"	1.178	0.00144109329633239	3.60417867423193	0.0119274969039546	0.1212024659435	0.1212024659435	7.78752221756053e-05	6699.83956118386
"71"	0.259	0.00141542955046618	3.57086434400128	0.00104470062255859	21.5012542472157	0.0203304328043667	0.000763156418137235	2007.71601924593
"72"	0.259	0.000789710624367784	0.334374691611615	0.001	0.019582193689432	1.77029386825559	0.000744248148024736	2011.09505274868
"73"	0.371	0.00216695386375177	4.12629459728769	0.00857259702682495	29.6466221585966	0.001	0.000157769442719271	1535.17824832186
"74"	0.259	0.00241830644603992	0.0785722911324258	0.001	111.2498875	149.628439017911	0.00076985479510386	2007.73924358392
"75"	1.178	0.00147252619685594	3.60374592738478	11.2036081196348	0.0113132472673105	11.205406817894	0.000449116047050045	6699.83919823471
"76"	0.461	0.00142900173651508	3.60126018600676	12.178225597301	124.408247459799	1.48513854832521	0.000223466747831568	2157.10352688195
"77"	0.461	0.00144280236844003	17.5889485043564	1.8052995200474	0.114835706941634	672.312758028011	0.00022569009070512	2142.64722817167
"78"	0.299	0.00516556207251463	0.00693147180559945	0.001	0.001	96.7301912551662	0.000215340944464746	1483.91782633533
"79"	0.466	0.00142552133266617	16.5424636978586	12.0160691176179	123.928128741965	0.253750812709469	0.000116214536473848	1860.57103424894
"80"	0.262	0.000137086845627702	0.00700565466351481	0.0130320179579965	0.001838667842342	1.54061381506218	0.000576253599162529	1847.65908252804
"81"	0.275	0.00300567702060922	0.0446760673441272	0.001	1.96614588962048	0.528497381884763	0.000481189450236289	1882.80007981292
"82"	0.345	0.000751160568950803	0.0514558256339997	0.00607398414611816	26.5663075312079	0.0189666136012899	0.00028405935362434	1767.85923995161
"83"	0.466	0.00503988515801098	0.0599243004286393	81.2281619891224	15.730211103265	0.0283441383986635	2.05865327050085e-05	1227.02643361817
"84"	1.178	0.00303148561778628	0.0353159021501595	121.769023682677	121.85861923608	121.777201268901	0.000281729996055807	6702.56736063329
"85"	0.382	6.50030148938062e-05	0.00693147180559945	0.00902409871519428	25.8624752186874	0.284228986471604	0.000190331022753294	1237.26056108717
"86"	0.367	0.0031888995622043	0.178386044394058	0.00680078124999999	16.9210289643078	52.6240261786457	0.000174962140009137	1490.2713483759
"87"	0.333	0.00204245330016767	0.00693147180559945	0.256505513023362	0.205825127066287	1.89948789452275	0.000230998822704147	5498.37789872522
"88"	0.342	0.000112425308965802	0.128380622694559	0.00703168487142888	58.2368183918527	0.00693494819297698	0.000302494661352964	1779.83173770513
"89"	0.461	0.00300770330016767	0.770346447794809	0.25035625	177.099829009448	1.58553065038751	0.000243185627498594	2103.67431414309
"90"	0.249	8.43663784789621e-05	0.00693147180559945	2.70839615681425	0.001	0.0632146205455958	0.000603701317680365	2227.93502559921
"91"	0.466	0.00303656559361921	0.780404010545245	120.416141630773	12.1756320911424	3.14049864526685	3.04580882523543e-05	1473.42085534329
"92"	0.263	0.00300770330016767	3.54837390230767	0.00103515625	0.0320904296874999	9.16917283711433	0.000765810654621309	2075.32046064734
"93"	0.259	0.00299399655967734	3.61658638145462	0.001	0.0194990062917674	0.0169461364915424	0.000767967937181766	2024.67337003001
"94"	1.177	0.00295907731756239	3.52752485194762	1.515109375	1.09365625	0.123918185857671	4.03955842507267e-05	6717.32959948261
"95"	0.466	0.00282306105286807	3.58278555025361	9.69338763661849	105.034831033928	0.0106027200539308	0.000105164946281386	1974.81787819437
"96"	0.349	0.00362345865210125	30.2739636551724	0.00680078125	0.164162268937794	0.213892818890572	0.000300696531895768	1590.63769813954
"97"	0.301	0.00430950870221569	43.6478628873324	0.001	0.240401495979229	0.217427201972757	0.000440836372763379	1736.14809181378
"98"	0.467	0.00302241871087177	16.6238001515197	11.1316110092783	1.11918442418964	127.500002712549	7.76959126837435e-05	1625.17242635255
"99"	0.306	0.00586952858711935	23.7544033755058	0.001	168.557429123342	0.0332754296317856	0.000420626747258416	1712.29063049108
"100"	0.467	0.00304766440669852	16.6220778811715	12.3944143643536	127.121198178222	17.6930575104611	6.20972053515872e-05	1631.02374669711
