"V2"	"V3"	"V4"	"V5"	"V6"	"V7"	"V8"	"V9"
"1"	0.2	0.000199303846941676	0.220291671243105	0.001	5.3326300410519	0.021357701632931	0.0007701635	678.70671692614
"2"	0.652	0.000148746201110514	0.0710538186336454	4.75916541736205	276.438129353394	0.134805545024759	4.75343750805368e-05	197.622740873532
"3"	0.637	0.000235996100949984	0.373848497535648	131.849713094439	0.0120553290512636	0.00424688457815241	2.35416396817244e-05	1293.02657599874
"4"	1.067	0.000139919644959647	0.171236452113709	125.205806182889	125.055666794915	5.18385968171964	0.000763911037985277	6722.91939615992
"5"	0.651	0.000145652943946536	0.971655417669835	3.65626182387468	1.86020812843684	0.00764062136183494	3.42030833882759e-05	131.480915158405
"6"	0.652	0.000143109407961645	0.466230134966251	1.68257954231856	9.23533334466356	20.4699533083838	4.76610306325419e-05	308.452935540117
"7"	0.202	0.000135759776533342	0.968459348305447	0.001	232.226926695372	146.579258844439	0.0007701635	633.180173451612
"8"	0.651	6.45044981989192e-05	0.00799223837388581	7.98604712573291	1.48389186037981	0.120121399476049	4.01519797965529e-05	458.82612863607
"9"	0.222	0.000126045342306611	0.22714465064091	330.751354187297	0.00451561856269836	0.01548647392141	0.000521009541026901	2075.32046064734
"10"	0.2	0.000146686975586447	3.69832102346784	0.001	1.0890159349545	0.0175123945787004	0.000769288257340632	684.662420095376
"11"	1.067	0.000137785732431492	3.61687286419236	0.123846849091374	0.1236295898046	0.216623094208562	0.000757730827510799	6702.32761402782
"12"	0.65	0.000151451241945839	4.21784543646038	2.49849934223746	1.77413834672582	2.9006468154229	2e-05	0
"13"	0.225	9.16341924682584e-05	0.00693147180559945	869.941730420478	0.39406847558377	15.6930061309424	0.000508329420222668	2075.32046064734
"14"	0.2	0.000141965316265997	3.80589355780153	0.001	18.3950591829503	1.0729474135437	0.000766779941107434	684.288774321118
"15"	1.058	0.000168228252190489	4.42119399141158	10	174.99925	1.96657154338847	0.000767855471459487	6080.10563379483
"16"	1.027	0.000129428423780199	3.31874241111829	0.137125	98.5937640625	0.094409359741211	0.000770157345141638	6563.41791506857
"17"	0.367	0.000138425011681691	20.5620203170137	0.001	1.08876238293264	0.88605746029566	0.000769288804479461	1033.4249221396
"18"	0.652	0.000156899634460795	25.9819692510847	13.1549457499306	1.31521060147822	0.0609886162513597	3.97470106756552e-05	262.738428814953
"19"	1.058	0.000168228252190489	20.5308302506448	10.2343515625	11.406109375	5.1863691392199	0.000762706211831622	6726.25625112456
"20"	0.652	0.0001486008120271	25.074191182531	13.6057824186959	13.6057824186959	0.589937786891791	3.73822500875514e-05	257.041421379822
"21"	0.648	0.000479892182883831	0.0437271307591581	122.010576764882	0.11976120670486	0.00546150684902782	6.36116170294944e-05	1276.5923230568
"22"	0.634	0.000319821110211476	0.0069462385560553	196.78959777363	0.00695153262124323	123.29610426995	4.05210263184169e-05	1216.77113115454
"23"	0.2	0.000329725120218207	0.24660386076175	0.00104089826212247	0.001	0.0854178136099491	0.000768227541482968	668.146968788117
"24"	0.2	0.00030673323437607	0.794000098987992	0.001	2.19774153504843	0.0164438846720386	0.000767203464429378	657.72264248628
"25"	0.2	0.000317363460063396	3.6645671356962	0.001	1.15906033144537	0.0181434251777173	0.0007701635	684.662416620668
"26"	0.213	0.000348109137894609	3.76641942909706	0.001	2.9745375337482	0.181865857918632	0.000753800819740828	745.078176667449
"27"	0.651	0.00036448687548761	4.2653782805067	3.60693323569569	18.5641480703806	0.148243927147196	2.85263441276107e-05	87.3968340883723
"28"	0.2	0.000315870531075679	6.26523283646357	0.001	1.12405802554147	2.03706117142739	0.000768406134983625	649.553972241269
"29"	1.061	0.000339514108524907	4.27070776915228	1.02300709549637	10.93740625	193.501064620041	0.0007701635	6085.98135137
"30"	0.638	0.000135624791835541	0.00693147180559945	96.222625838973	1.79079654854004	2.75618606676688	2.49104220813319e-05	1230.64291531811
"31"	0.652	0.000306601945537555	3.86076100636522	78.8399759125929	13.830662742576	0.370259106724012	2.46156144265477e-05	68.830115161835
"32"	0.205	0.000324628302325416	18.0983581942202	0.001	0.513025618919985	23.9360535908144	0.000682102258803455	639.862643794362
"33"	0.213	0.000309703392356568	17.7979936694078	0.00102103501999642	2.14457675210398	0.30671460997816	0.00061231411240974	608.192583911463
"34"	0.2	0.000335441120281155	18.1836710780031	0.001	14.2878892117618	0.183831386394263	0.0007701635	665.596200514445
"35"	0.202	0.000298979267205839	16.9583819297887	0.001	231.286556306381	0.0691828213051279	0.000722998401145709	632.147506212306
"36"	0.642	0.000331022815817168	0.0270312885566655	44.6257752256823	0.118156349630956	0.0524492314442486	3.27985316700137e-05	1276.78221764622
"37"	0.653	0.00106248392053452	0.0726995090453482	3.60127677716119	189.301454900559	0.136160632636277	5.80860404048539e-05	323.287829086962
"38"	0.644	6.26337200447687e-05	0.00693147180559945	36.521924404187	1.8507850475392	0.517420591220632	2.06348180640553e-05	1188.67339165942
"39"	0.15	7.62344534506969e-05	0.0114655282065235	17.8162622502817	0.001	1.1296790786675	0.000759475717077717	1053.58025434625
"40"	0.652	0.000392501816021604	0.0137262358468348	132.234663678141	10.9840303494362	0.00188840223519696	2.87415967691086e-05	355.881068640471
"41"	1.067	0.000670471730433504	0.171407191146429	0.0113950480982377	1.15485033890438	18.0504643814842	0.000754846325521581	6719.82487380003
"42"	0.495	0.00599109887991631	0.00693147180559945	1.85322316285128	0.001	22.9772882863235	6.32570391837651e-05	226.475660864799
"43"	0.2	0.00064682641945843	0.858849455867662	0.00106330967569284	12.4848213432844	27.0164844676007	0.000763127558088651	657.79013990831
"44"	0.653	0.000273320132283948	0.87160350995978	4.32474677783128	936.20740821594	0.0128640767474933	5.49273122192869e-05	250.896766611194
"45"	0.599	6e-05	0.00693147180559945	1.8562052790456	0.00556523137369413	12.0824318255582	3.95769670361457e-05	983.62852431875
"46"	0.205	0.000650625	0.806332802777206	0.001	139.597888541977	21.9606927349465	0.0007701635	719.723516260273
"47"	0.651	0.000457051048656301	0.0935204588005521	11.2130822538152	0.11232213151119	1.12369284784739	3.88315902923467e-05	451.804952767915
"48"	0.648	0.000628906872665333	0.810509180751773	139.75583159954	0.0102218585852952	5.47675829998684	2e-05	734.02462877198
"49"	1.056	0.0008784375	3.51827665785581	0.0837578125	1.3980390625	0.0474913258991489	0.000760163878254654	6444.00052063692
"50"	0.205	0.000693775488566043	3.77481212503395	0.001	18.1536143583008	540.463486695461	0.0007701635	719.723516260273
"51"	1.067	0.000683196051702045	3.67318780194369	1.14788705108391	0.0113866008617008	5.1750943684362	0.00076451188436353	6717.33396932804
"52"	0.652	0.000700659888823992	3.8157408119412	3.07212555680691	0.163796305377091	1.18622079432438	5.26561272841421e-05	209.5280770094
"53"	0.248	0.000694533930860394	4.11057786112592	0.001	0.178260961927468	0.662954346027574	0.000514591127661212	478.770046216992
"54"	0.2	0.000698772998675379	25.0499511152172	0.001	0.0124426761989768	0.0343290481827818	0.000765794698628643	674.877318660307
"55"	1.071	0.00090375	17.6684081730411	0.1	1.1873125	0.0175991310668997	0.00014637437532587	6542.77191503384
"56"	1.056	0.000880085158476567	20.5308302506448	0.087625	0.26826198272734	584.366138591061	0.000762863515973999	7200
"57"	1.067	0.000670813742190714	16.7512971177957	1.12166812978962	0.0111802290365119	21.5292175498051	0.000763931048352929	6700.62676654308
"58"	0.2	0.000737602756544246	18.7383667618848	0.001	2.18776616324916	0.0181429788778077	0.000764950895506633	683.359698769508
"59"	1.067	0.00146956983147043	0.0352414448972391	0.0110940533618234	1.12436453049688	0.0203489361743234	0.000763575121909593	6702.34496512571
"60"	0.653	0.00343773662555339	0.0682631394134514	3.35300002196375	186.44652263785	1.32990398031774	5.92041297926097e-05	237.403459960179
"61"	0.144	6e-05	0.00700541056038992	8.53507461983335	0.00540699043273926	0.0125312485730829	0.000499690233909589	1331.87422068165
"62"	0.65	0.00155309364531186	0.17942041356558	3.37571255089729	22.4522679806599	1.21000556123691	2.01777766618378e-05	75.6732928444075
"63"	0.216	0.00484133911355484	0.00693147180559945	27.5639196415306	0.001	11.817115569312	0.000719453781900437	674.012806287194
"64"	0.652	0.000478706420136008	0.8824798491212	4.32474038679348	994.866958844561	1.34741487788503	3.57572719161277e-05	178.309101159891
"65"	1.067	0.00144448227449417	0.794819828524342	0.0119522407776213	121.470498677325	1.80430180964835	0.000763544880304965	6700.09662998101
"66"	0.228	0.006	0.961378859292035	0.001	1.30017304913905	213.599954373968	0.000605893807529436	524.101254258746
"67"	0.2	0.00152625999777686	1.39466891759967	0.001	177.747014192919	0.0176380602330609	0.000768701939686273	685.429712353545
"68"	0.651	0.00165484162625729	0.894771309388116	13.0793479340217	13.0793479340217	4.57391830430637	2.29084861135991e-05	176.458774154279
"69"	0.2	0.00158308425703388	3.63290902537095	0.001	0.0200244868450872	152.899063799418	0.000754605616963419	647.316082892853
"70"	1.077	0.00147485894431773	3.71117394454991	0.0121740293063899	0.124058943317887	0.114777693317887	0.000105761194025276	6721.02649517913
"71"	0.2	0.00142117600987923	3.80757036174476	0.001	16.8857330865548	0.020933156435609	0.000768418119316614	674.880328931651
"72"	0.183	6e-05	0.00693147180559945	684.08706524533	0.754015303152935	0.799195772193499	0.000430269519196051	1731.92327413505
"73"	0.2	0.00160278550553395	3.64204331693972	0.001	22.1401061239626	1.46000670213937	0.000757649290033427	650.242052626203
"74"	0.652	0.00160967729318549	4.42206457800527	8.35661091320432	943.87562200461	27.414779559396	3.9630943035054e-05	239.048403293714
"75"	1.067	0.00147545575255537	3.63475221276952	11.3001800358958	0.0113346367695928	18.0445965936492	0.000755022869880444	6717.49813635462
"76"	0.651	0.00154458377636916	3.86458755167154	13.0577437904052	157.403703795043	0.363386139746886	2.20888208477057e-05	151.787856498192
"77"	0.65	0.00156176772212767	18.0212999287127	2.62040262652316	0.177300569548207	140.420905134598	2.03619978354004e-05	82.3493778369935
"78"	0.154	6e-05	0.00693147180559945	21.1625030468818	0.001	433.924352135889	0.000756979946613857	845.109398711302
"79"	0.694	0.00145049339692948	16.8446213665035	11.8748125	136.228525530166	2.29734726792407	0.000495762034473412	1142.98566220776
"80"	0.226	0.00322608988511286	0.00707953226567646	0.224162683692194	0.001	2.59847899259971	0.000767229991202127	744.904770434301
"81"	0.652	0.00399276090213337	0.0381049080722936	2.28030575254284	12.1090700019952	0.140667723848285	4.56186566222351e-05	219.462501568833
"82"	0.201	0.000302621902779531	0.0769276566344423	0.001	22.0774704616682	0.148171129448331	0.000740957581670726	640.365206639344
"83"	0.652	0.0001261451478156	0.00741240292101589	79.3448927823567	14.8551511193555	0.121648049919642	4.02129790544802e-05	456.070910675971
"84"	1.067	0.00310533674286829	0.0371647857782828	123.147440477985	123.147440477985	220.491333221283	0.000752185071783134	6733.65634962568
"85"	0.212	0.00307725450646253	0.170356477780645	0.001	22.3201455096999	6.67857457816979	0.000617706620711904	610.596121056005
"86"	0.653	0.00297057830016767	0.194666386447262	1.79314939481657	97.6047767002216	19.7449181432006	6.1881659461929e-05	308.452935540117
"87"	0.809	0.000470419520510733	0.622881404500768	0.00333671522980726	0.001	1.35303164050861	0.000615313338684654	5367.44115436557
"88"	0.2	0.00299460163499882	0.99072613409635	0.001	105.868339057786	0.0173115221586364	0.0007701635	667.224292568395
"89"	0.651	0.00415324290275899	0.910029329889894	4.20173534660426	983.471158227037	0.259047761916442	2.1860360539364e-05	28.5907149198429
"90"	0.247	0.00587810447372697	0.00693147180559945	24.1472297819726	0.001	0.0523398964070629	0.00050247310051462	592.326143082754
"91"	0.637	6e-05	0.00693147180559945	179.89150528184	4.36341109637187	3.01516032169868	2.05555935302924e-05	1260.40948808964
"92"	0.651	0.00317501863132291	3.97020523841829	3.3547126137462	1.67881373468174	1.19680568981014	3.58563096394466e-05	161.390221041351
"93"	0.224	6.00000000000002e-05	0.00693147180559945	996.493157032521	1.18533491499009	0.0124774963131478	0.000483892712805435	2075.32046064734
"94"	1.078	0.00295907731756239	3.52752485194762	1.515109375	1.09365625	0.123918185857671	4.03955842507267e-05	6717.32959948261
"95"	0.652	0.00318740908179744	4.68895046440717	11.36264623875	155.416681220218	0.012217969429875	4.08630533002532e-05	151.559515294726
"96"	0.211	0.00301721641367554	16.857629314934	0.001	0.209640928637271	1.85244309905788	0.000627684301865804	634.819024789147
"97"	0.2	0.00306305263094917	17.4666548201174	0.001	0.230412014153542	1.35189375764665	0.000769125075010096	649.802531703872
"98"	0.651	0.00120420874724296	20.5103263583042	10.93740625	1.46062660898997	110.495262279152	2.69227597871559e-05	140.579429988243
"99"	0.652	0.00300234473809101	17.220083168254	12.469215785398	125.337373642291	0.0934782492516246	3.28859657101198e-05	239.288753066132
"100"	0.652	0.003271046146939	19.4361588999798	12.929464130297	116.634540789168	12.3689607179251	4.01788996590705e-05	105.394049783167
