"X1"	"X2"	"X3"	"X4"	"X5"	"X6"	"V7"
"1"	0.000129266081401913	0.0305027504324035	0.682309778396396	98.4350582451598	0.000153885260224649	3637.7096288641	1
"2"	0.000129266081401913	0.0305027504324035	4.00211846289742	0.00996850338143974	0.000256294201224523	4797.74580202315	2
"3"	0.000129266081401913	0.134230912284729	0.116325050847769	0.990580744295534	3.33097790977996e-05	3637.7096288641	3
"4"	0.000129266081401913	0.590698791334239	0.116325050847769	0.0993710596657755	0.000153885260224649	5179.44618379093	4
"5"	0.000129266081401913	0.590698791334239	0.116325050847769	98.4350582451598	0.000153885260224649	5179.44618379093	5
"6"	0.000129266081401913	0.590698791334239	0.682309778396396	0.00996850338143974	5.54770691772103e-05	4709.23927099531	6
"7"	0.000129266081401913	0.590698791334239	0.682309778396396	0.990580744295534	9.23964459643113e-05	5179.44618379093	7
"8"	0.000129266081401913	0.590698791334239	4.00211846289742	0.00996850338143974	0.000153885260224649	5179.44618379093	8
"9"	0.000129266081401913	2.59943895295589	0.116325050847769	0.0993710596657755	3.33097790977996e-05	3637.7096288641	9
"10"	0.000129266081401913	2.59943895295589	0.116325050847769	0.990580744295534	0.000153885260224649	5179.44618379093	10
"11"	0.000129266081401913	2.59943895295589	4.00211846289742	0.0993710596657755	3.33097790977996e-05	4709.23927099531	11
"12"	0.000129266081401913	2.59943895295589	4.00211846289742	9.87460749909912	3.33097790977996e-05	4709.23927099531	12
"13"	0.000129266081401913	11.439134410419	0.682309778396396	0.0993710596657755	5.54770691772103e-05	4797.74580202315	13
"14"	0.000129266081401913	11.439134410419	23.4746044952022	0.990580744295534	0.000153885260224649	2432.60937483405	14
"15"	0.000129266081401913	11.439134410419	137.691340552477	0.990580744295534	5.54770691772103e-05	4709.23927099531	15
"16"	0.000278495330016767	0.0305027504324035	0.682309778396396	9.87460749909912	5.54770691772103e-05	2432.60937483405	16
"17"	0.000278495330016767	0.0305027504324035	0.682309778396396	98.4350582451598	5.54770691772103e-05	5179.44618379093	17
"18"	0.000278495330016767	0.0305027504324035	4.00211846289742	0.00996850338143974	0.000153885260224649	4709.23927099531	18
"19"	0.000278495330016767	0.0305027504324035	4.00211846289742	0.0993710596657755	9.23964459643113e-05	4797.74580202315	19
"20"	0.000278495330016767	0.0305027504324035	23.4746044952022	0.0993710596657755	5.54770691772103e-05	4797.74580202315	20
"21"	0.000278495330016767	0.0305027504324035	137.691340552477	0.0993710596657755	9.23964459643113e-05	4797.74580202315	21
"22"	0.000278495330016767	0.134230912284729	0.682309778396396	9.87460749909912	0.000256294201224523	3637.7096288641	22
"23"	0.000278495330016767	0.134230912284729	23.4746044952022	0.00996850338143974	0.000256294201224523	4797.74580202315	23
"24"	0.000278495330016767	0.134230912284729	23.4746044952022	0.0993710596657755	0.000153885260224649	5179.44618379093	24
"25"	0.000278495330016767	0.134230912284729	137.691340552477	9.87460749909912	0.000256294201224523	4797.74580202315	25
"26"	0.000278495330016767	0.590698791334239	0.116325050847769	9.87460749909912	0.000256294201224523	4797.74580202315	26
"27"	0.000278495330016767	0.590698791334239	0.116325050847769	98.4350582451598	3.33097790977996e-05	3637.7096288641	27
"28"	0.000278495330016767	0.590698791334239	137.691340552477	9.87460749909912	0.000153885260224649	5179.44618379093	28
"29"	0.000278495330016767	0.590698791334239	137.691340552477	98.4350582451598	5.54770691772103e-05	4797.74580202315	29
"30"	0.000278495330016767	2.59943895295589	0.682309778396396	0.00996850338143974	0.000153885260224649	2432.60937483405	30
"31"	0.000278495330016767	2.59943895295589	0.682309778396396	98.4350582451598	9.23964459643113e-05	3637.7096288641	31
"32"	0.000278495330016767	11.439134410419	4.00211846289742	0.990580744295534	9.23964459643113e-05	4797.74580202315	32
"33"	0.000278495330016767	11.439134410419	4.00211846289742	9.87460749909912	9.23964459643113e-05	5179.44618379093	33
"34"	0.000278495330016767	11.439134410419	23.4746044952022	0.990580744295534	5.54770691772103e-05	4797.74580202315	34
"35"	0.000278495330016767	11.439134410419	137.691340552477	0.0993710596657755	3.33097790977996e-05	4709.23927099531	35
"36"	6e-04	0.0305027504324035	0.682309778396396	9.87460749909912	3.33097790977996e-05	4797.74580202315	36
"37"	6e-04	0.0305027504324035	23.4746044952022	0.00996850338143974	5.54770691772103e-05	4797.74580202315	37
"38"	6e-04	0.0305027504324035	23.4746044952022	9.87460749909912	3.33097790977996e-05	3637.7096288641	38
"39"	6e-04	0.0305027504324035	137.691340552477	98.4350582451598	0.000256294201224523	4709.23927099531	39
"40"	6e-04	0.134230912284729	0.682309778396396	0.0993710596657755	5.54770691772103e-05	4797.74580202315	40
"41"	6e-04	0.134230912284729	0.682309778396396	98.4350582451598	0.000153885260224649	4709.23927099531	41
"42"	6e-04	0.134230912284729	4.00211846289742	9.87460749909912	0.000256294201224523	4709.23927099531	42
"43"	6e-04	0.590698791334239	0.116325050847769	0.0993710596657755	0.000153885260224649	3637.7096288641	43
"44"	6e-04	0.590698791334239	0.116325050847769	98.4350582451598	5.54770691772103e-05	4797.74580202315	44
"45"	6e-04	0.590698791334239	0.682309778396396	0.0993710596657755	0.000153885260224649	3637.7096288641	45
"46"	6e-04	0.590698791334239	0.682309778396396	0.990580744295534	0.000153885260224649	2432.60937483405	46
"47"	6e-04	0.590698791334239	4.00211846289742	9.87460749909912	0.000153885260224649	4709.23927099531	47
"48"	6e-04	0.590698791334239	23.4746044952022	0.0993710596657755	0.000256294201224523	5179.44618379093	48
"49"	6e-04	0.590698791334239	137.691340552477	0.990580744295534	3.33097790977996e-05	4797.74580202315	49
"50"	6e-04	2.59943895295589	137.691340552477	0.990580744295534	5.54770691772103e-05	4797.74580202315	50
"51"	6e-04	11.439134410419	0.116325050847769	0.990580744295534	0.000153885260224649	3637.7096288641	51
"52"	6e-04	11.439134410419	0.682309778396396	0.00996850338143974	9.23964459643113e-05	2432.60937483405	52
"53"	6e-04	11.439134410419	0.682309778396396	98.4350582451598	3.33097790977996e-05	4797.74580202315	53
"54"	6e-04	11.439134410419	4.00211846289742	0.0993710596657755	0.000153885260224649	4797.74580202315	54
"55"	6e-04	11.439134410419	4.00211846289742	9.87460749909912	9.23964459643113e-05	5179.44618379093	55
"56"	6e-04	11.439134410419	137.691340552477	0.00996850338143974	0.000256294201224523	4797.74580202315	56
"57"	6e-04	11.439134410419	137.691340552477	98.4350582451598	0.000153885260224649	5179.44618379093	57
"58"	0.00129266081401913	0.0305027504324035	0.116325050847769	0.990580744295534	5.54770691772103e-05	5179.44618379093	58
"59"	0.00129266081401913	0.0305027504324035	137.691340552477	0.00996850338143974	9.23964459643113e-05	4797.74580202315	59
"60"	0.00129266081401913	0.0305027504324035	137.691340552477	0.990580744295534	9.23964459643113e-05	4797.74580202315	60
"61"	0.00129266081401913	0.134230912284729	0.116325050847769	0.00996850338143974	5.54770691772103e-05	3637.7096288641	61
"62"	0.00129266081401913	0.134230912284729	0.116325050847769	0.0993710596657755	9.23964459643113e-05	4797.74580202315	62
"63"	0.00129266081401913	0.590698791334239	0.116325050847769	0.990580744295534	9.23964459643113e-05	3637.7096288641	63
"64"	0.00129266081401913	0.590698791334239	4.00211846289742	0.990580744295534	9.23964459643113e-05	5179.44618379093	64
"65"	0.00129266081401913	0.590698791334239	23.4746044952022	0.0993710596657755	3.33097790977996e-05	3637.7096288641	65
"66"	0.00129266081401913	0.590698791334239	23.4746044952022	9.87460749909912	5.54770691772103e-05	4797.74580202315	66
"67"	0.00129266081401913	0.590698791334239	23.4746044952022	98.4350582451598	5.54770691772103e-05	4709.23927099531	67
"68"	0.00129266081401913	0.590698791334239	23.4746044952022	98.4350582451598	5.54770691772103e-05	5179.44618379093	68
"69"	0.00129266081401913	2.59943895295589	0.116325050847769	0.990580744295534	0.000256294201224523	2432.60937483405	69
"70"	0.00129266081401913	2.59943895295589	0.682309778396396	0.00996850338143974	0.000256294201224523	4709.23927099531	70
"71"	0.00129266081401913	2.59943895295589	23.4746044952022	0.0993710596657755	5.54770691772103e-05	3637.7096288641	71
"72"	0.00129266081401913	11.439134410419	0.116325050847769	98.4350582451598	5.54770691772103e-05	2432.60937483405	72
"73"	0.00129266081401913	11.439134410419	23.4746044952022	0.00996850338143974	5.54770691772103e-05	3637.7096288641	73
"74"	0.00129266081401913	11.439134410419	23.4746044952022	0.00996850338143974	0.000256294201224523	5179.44618379093	74
"75"	0.00129266081401913	11.439134410419	23.4746044952022	98.4350582451598	0.000256294201224523	2432.60937483405	75
"76"	0.00129266081401913	11.439134410419	137.691340552477	9.87460749909912	0.000153885260224649	5179.44618379093	76
"77"	0.00278495330016767	0.0305027504324035	0.682309778396396	0.00996850338143974	0.000256294201224523	5179.44618379093	77
"78"	0.00278495330016767	0.0305027504324035	4.00211846289742	0.00996850338143974	9.23964459643113e-05	2432.60937483405	78
"79"	0.00278495330016767	0.134230912284729	0.682309778396396	98.4350582451598	0.000153885260224649	5179.44618379093	79
"80"	0.00278495330016767	0.134230912284729	4.00211846289742	0.990580744295534	0.000256294201224523	2432.60937483405	80
"81"	0.00278495330016767	0.134230912284729	23.4746044952022	0.00996850338143974	0.000256294201224523	3637.7096288641	81
"82"	0.00278495330016767	0.134230912284729	137.691340552477	98.4350582451598	9.23964459643113e-05	2432.60937483405	82
"83"	0.00278495330016767	0.590698791334239	0.116325050847769	0.00996850338143974	3.33097790977996e-05	4797.74580202315	83
"84"	0.00278495330016767	0.590698791334239	0.682309778396396	0.00996850338143974	3.33097790977996e-05	4709.23927099531	84
"85"	0.00278495330016767	0.590698791334239	0.682309778396396	0.990580744295534	0.000256294201224523	3637.7096288641	85
"86"	0.00278495330016767	0.590698791334239	23.4746044952022	0.00996850338143974	9.23964459643113e-05	4797.74580202315	86
"87"	0.00278495330016767	0.590698791334239	137.691340552477	0.00996850338143974	0.000256294201224523	2432.60937483405	87
"88"	0.00278495330016767	0.590698791334239	137.691340552477	9.87460749909912	5.54770691772103e-05	4797.74580202315	88
"89"	0.00278495330016767	2.59943895295589	0.116325050847769	0.0993710596657755	0.000153885260224649	4797.74580202315	89
"90"	0.00278495330016767	2.59943895295589	0.116325050847769	0.0993710596657755	0.000256294201224523	4709.23927099531	90
"91"	0.00278495330016767	2.59943895295589	23.4746044952022	0.0993710596657755	3.33097790977996e-05	4797.74580202315	91
"92"	0.00278495330016767	2.59943895295589	23.4746044952022	0.990580744295534	3.33097790977996e-05	4797.74580202315	92
"93"	0.00278495330016767	11.439134410419	0.116325050847769	0.00996850338143974	0.000153885260224649	3637.7096288641	93
"94"	0.00278495330016767	11.439134410419	0.116325050847769	0.0993710596657755	0.000153885260224649	3637.7096288641	94
"95"	0.00278495330016767	11.439134410419	0.116325050847769	0.990580744295534	9.23964459643113e-05	3637.7096288641	95
"96"	0.00278495330016767	11.439134410419	0.116325050847769	0.990580744295534	0.000256294201224523	4709.23927099531	96
"97"	0.00278495330016767	11.439134410419	0.682309778396396	0.00996850338143974	0.000256294201224523	3637.7096288641	97
"98"	0.00278495330016767	11.439134410419	4.00211846289742	0.0993710596657755	3.33097790977996e-05	2432.60937483405	98
"99"	0.00278495330016767	11.439134410419	23.4746044952022	0.990580744295534	5.54770691772103e-05	2432.60937483405	99
"100"	0.00278495330016767	11.439134410419	137.691340552477	0.990580744295534	9.23964459643113e-05	4709.23927099531	100
