"X1"	"X2"	"X3"	"X4"	"X5"	"X6"	"V7"
"1"	0.000129140323616323	0.0289652674410937	1.23380637429501	0.01	0.00022736763836463	320.630133062702	1
"2"	0.000129140323616323	0.0289652674410937	105.430630664065	0.1	0.000417496957242114	631.519938607841	2
"3"	0.000129140323616323	0.0289652674410937	105.430630664065	1	3.67243958062821e-05	591.979078629218	3
"4"	0.000129140323616323	0.0289652674410937	105.430630664065	10	0.000123823759859236	320.630133062702	4
"5"	0.000129140323616323	0.505803355593553	0.0144386708081209	1	3.67243958062821e-05	385.920578973769	5
"6"	0.000129140323616323	0.505803355593553	0.133471060831203	0.01	6.74340623668233e-05	320.630133062702	6
"7"	0.000129140323616323	0.505803355593553	0.133471060831203	0.01	0.000417496957242114	631.519938607841	7
"8"	0.000129140323616323	0.505803355593553	105.430630664065	10	0.00022736763836463	375.638609373022	8
"9"	0.000129140323616323	2.11365347479803	1.23380637429501	10	6.74340623668233e-05	385.920578973769	9
"10"	0.000129140323616323	2.11365347479803	11.4053050883905	1	0.000417496957242114	591.979078629218	10
"11"	0.000129140323616323	2.11365347479803	105.430630664065	0.1	6.74340623668233e-05	320.630133062702	11
"12"	0.000129140323616323	8.83254522161725	0.133471060831203	0.1	0.000123823759859236	385.920578973769	12
"13"	0.000129140323616323	8.83254522161725	0.133471060831203	100	6.74340623668233e-05	385.920578973769	13
"14"	0.000129140323616323	8.83254522161725	1.23380637429501	0.1	0.00022736763836463	591.979078629218	14
"15"	0.000129140323616323	8.83254522161725	1.23380637429501	1	6.74340623668233e-05	631.519938607841	15
"16"	0.000129140323616323	8.83254522161725	105.430630664065	0.1	3.67243958062821e-05	375.638609373022	16
"17"	0.000129140323616323	8.83254522161725	105.430630664065	0.1	6.74340623668233e-05	385.920578973769	17
"18"	0.000129140323616323	8.83254522161725	105.430630664065	0.1	6.74340623668233e-05	591.979078629218	18
"19"	0.000277953719728809	0.0289652674410937	0.133471060831203	0.01	0.000123823759859236	375.638609373022	19
"20"	0.000277953719728809	0.0289652674410937	0.133471060831203	0.1	0.00022736763836463	375.638609373022	20
"21"	0.000277953719728809	0.0289652674410937	1.23380637429501	100	6.74340623668233e-05	375.638609373022	21
"22"	0.000277953719728809	0.0289652674410937	11.4053050883905	0.01	3.67243958062821e-05	631.519938607841	22
"23"	0.000277953719728809	0.0289652674410937	11.4053050883905	1	0.000417496957242114	591.979078629218	23
"24"	0.000277953719728809	0.0289652674410937	105.430630664065	0.1	0.000417496957242114	631.519938607841	24
"25"	0.000277953719728809	0.0289652674410937	105.430630664065	1	0.00022736763836463	385.920578973769	25
"26"	0.000277953719728809	0.0289652674410937	105.430630664065	100	6.74340623668233e-05	631.519938607841	26
"27"	0.000277953719728809	0.121040197733521	0.133471060831203	1	0.00022736763836463	385.920578973769	27
"28"	0.000277953719728809	0.121040197733521	1.23380637429501	0.1	6.74340623668233e-05	631.519938607841	28
"29"	0.000277953719728809	0.121040197733521	11.4053050883905	0.01	3.67243958062821e-05	385.920578973769	29
"30"	0.000277953719728809	0.121040197733521	105.430630664065	0.01	0.00022736763836463	375.638609373022	30
"31"	0.000277953719728809	0.121040197733521	105.430630664065	1	3.67243958062821e-05	631.519938607841	31
"32"	0.000277953719728809	0.505803355593553	0.0144386708081209	0.1	0.00022736763836463	320.630133062702	32
"33"	0.000277953719728809	0.505803355593553	0.133471060831203	10	0.000417496957242114	385.920578973769	33
"34"	0.000277953719728809	0.505803355593553	1.23380637429501	0.1	3.67243958062821e-05	385.920578973769	34
"35"	0.000277953719728809	0.505803355593553	105.430630664065	100	0.000417496957242114	320.630133062702	35
"36"	0.000277953719728809	2.11365347479803	0.0144386708081209	1	0.000417496957242114	591.979078629218	36
"37"	0.000277953719728809	2.11365347479803	0.133471060831203	0.01	0.000417496957242114	385.920578973769	37
"38"	0.000277953719728809	2.11365347479803	0.133471060831203	1	0.000123823759859236	591.979078629218	38
"39"	0.000277953719728809	2.11365347479803	1.23380637429501	0.1	3.67243958062821e-05	375.638609373022	39
"40"	0.000277953719728809	8.83254522161725	0.0144386708081209	100	0.00022736763836463	385.920578973769	40
"41"	0.000277953719728809	8.83254522161725	0.133471060831203	1	0.000123823759859236	375.638609373022	41
"42"	0.000277953719728809	8.83254522161725	105.430630664065	100	0.00022736763836463	375.638609373022	42
"43"	0.000598250555268984	0.0289652674410937	0.133471060831203	10	3.67243958062821e-05	320.630133062702	43
"44"	0.000598250555268984	0.0289652674410937	1.23380637429501	100	0.00022736763836463	385.920578973769	44
"45"	0.000598250555268984	0.0289652674410937	105.430630664065	10	0.00022736763836463	320.630133062702	45
"46"	0.000598250555268984	0.0289652674410937	105.430630664065	10	0.00022736763836463	631.519938607841	46
"47"	0.000598250555268984	0.121040197733521	0.133471060831203	1	0.00022736763836463	375.638609373022	47
"48"	0.000598250555268984	0.121040197733521	11.4053050883905	0.01	0.000417496957242114	375.638609373022	48
"49"	0.000598250555268984	0.505803355593553	105.430630664065	0.01	0.00022736763836463	631.519938607841	49
"50"	0.000598250555268984	0.505803355593553	105.430630664065	0.1	0.000417496957242114	631.519938607841	50
"51"	0.000598250555268984	0.505803355593553	105.430630664065	1	0.000417496957242114	385.920578973769	51
"52"	0.000598250555268984	2.11365347479803	0.0144386708081209	0.01	0.000417496957242114	631.519938607841	52
"53"	0.000598250555268984	8.83254522161725	0.0144386708081209	100	0.00022736763836463	375.638609373022	53
"54"	0.000598250555268984	8.83254522161725	0.133471060831203	100	0.00022736763836463	320.630133062702	54
"55"	0.000598250555268984	8.83254522161725	1.23380637429501	100	0.000417496957242114	591.979078629218	55
"56"	0.000598250555268984	8.83254522161725	11.4053050883905	0.01	0.00022736763836463	320.630133062702	56
"57"	0.000598250555268984	8.83254522161725	11.4053050883905	10	0.00022736763836463	631.519938607841	57
"58"	0.000598250555268984	8.83254522161725	11.4053050883905	100	0.000123823759859236	385.920578973769	58
"59"	0.000598250555268984	8.83254522161725	105.430630664065	0.01	0.000123823759859236	591.979078629218	59
"60"	0.000598250555268984	8.83254522161725	105.430630664065	10	6.74340623668233e-05	591.979078629218	60
"61"	0.00128763783851802	0.0289652674410937	0.133471060831203	1	0.00022736763836463	631.519938607841	61
"62"	0.00128763783851802	0.0289652674410937	11.4053050883905	0.01	0.00022736763836463	320.630133062702	62
"63"	0.00128763783851802	0.0289652674410937	105.430630664065	0.1	6.74340623668233e-05	385.920578973769	63
"64"	0.00128763783851802	0.0289652674410937	105.430630664065	100	0.000417496957242114	385.920578973769	64
"65"	0.00128763783851802	0.0289652674410937	105.430630664065	100	0.000417496957242114	631.519938607841	65
"66"	0.00128763783851802	0.121040197733521	0.0144386708081209	0.01	0.00022736763836463	375.638609373022	66
"67"	0.00128763783851802	0.121040197733521	1.23380637429501	1	3.67243958062821e-05	591.979078629218	67
"68"	0.00128763783851802	0.505803355593553	0.0144386708081209	1	3.67243958062821e-05	320.630133062702	68
"69"	0.00128763783851802	0.505803355593553	1.23380637429501	100	0.000417496957242114	385.920578973769	69
"70"	0.00128763783851802	0.505803355593553	11.4053050883905	100	0.000123823759859236	385.920578973769	70
"71"	0.00128763783851802	0.505803355593553	105.430630664065	1	0.00022736763836463	320.630133062702	71
"72"	0.00128763783851802	0.505803355593553	105.430630664065	1	0.000417496957242114	385.920578973769	72
"73"	0.00128763783851802	0.505803355593553	105.430630664065	10	0.000123823759859236	320.630133062702	73
"74"	0.00128763783851802	2.11365347479803	11.4053050883905	1	3.67243958062821e-05	385.920578973769	74
"75"	0.00128763783851802	8.83254522161725	11.4053050883905	0.01	0.00022736763836463	320.630133062702	75
"76"	0.00277143278611399	0.0289652674410937	0.0144386708081209	0.01	6.74340623668233e-05	320.630133062702	76
"77"	0.00277143278611399	0.0289652674410937	1.23380637429501	1	3.67243958062821e-05	320.630133062702	77
"78"	0.00277143278611399	0.0289652674410937	1.23380637429501	10	0.000417496957242114	385.920578973769	78
"79"	0.00277143278611399	0.0289652674410937	1.23380637429501	10	0.000417496957242114	591.979078629218	79
"80"	0.00277143278611399	0.0289652674410937	11.4053050883905	1	6.74340623668233e-05	631.519938607841	80
"81"	0.00277143278611399	0.0289652674410937	11.4053050883905	10	0.00022736763836463	375.638609373022	81
"82"	0.00277143278611399	0.121040197733521	0.133471060831203	1	3.67243958062821e-05	631.519938607841	82
"83"	0.00277143278611399	0.121040197733521	1.23380637429501	100	0.00022736763836463	320.630133062702	83
"84"	0.00277143278611399	0.121040197733521	11.4053050883905	1	0.000417496957242114	375.638609373022	84
"85"	0.00277143278611399	0.505803355593553	0.133471060831203	0.01	3.67243958062821e-05	631.519938607841	85
"86"	0.00277143278611399	0.505803355593553	0.133471060831203	0.1	6.74340623668233e-05	631.519938607841	86
"87"	0.00277143278611399	0.505803355593553	0.133471060831203	10	0.000417496957242114	631.519938607841	87
"88"	0.00277143278611399	0.505803355593553	1.23380637429501	0.1	0.000123823759859236	385.920578973769	88
"89"	0.00277143278611399	0.505803355593553	11.4053050883905	0.01	0.00022736763836463	631.519938607841	89
"90"	0.00277143278611399	0.505803355593553	105.430630664065	0.1	0.00022736763836463	631.519938607841	90
"91"	0.00277143278611399	2.11365347479803	0.0144386708081209	0.01	0.000417496957242114	631.519938607841	91
"92"	0.00277143278611399	2.11365347479803	1.23380637429501	100	6.74340623668233e-05	375.638609373022	92
"93"	0.00277143278611399	2.11365347479803	11.4053050883905	0.1	3.67243958062821e-05	375.638609373022	93
"94"	0.00277143278611399	2.11365347479803	11.4053050883905	0.1	0.000123823759859236	591.979078629218	94
"95"	0.00277143278611399	2.11365347479803	11.4053050883905	10	3.67243958062821e-05	591.979078629218	95
"96"	0.00277143278611399	2.11365347479803	11.4053050883905	10	3.67243958062821e-05	320.630133062702	96
"97"	0.00277143278611399	8.83254522161725	0.0144386708081209	0.1	0.00022736763836463	591.979078629218	97
"98"	0.00277143278611399	8.83254522161725	1.23380637429501	0.1	0.00022736763836463	631.519938607841	98
"99"	0.00277143278611399	8.83254522161725	105.430630664065	10	0.000417496957242114	385.920578973769	99
"100"	0.00277143278611399	8.83254522161725	105.430630664065	100	6.74340623668233e-05	385.920578973769	100
