"X1"	"X2"	"X3"	"X4"	"X5"	"X6"	"V7"
"1"	0.000129266081401913	0.0321623914846326	1.16475540216307	10	6.75379137712705e-05	1496.50043041398	1
"2"	0.000129266081401913	0.0321623914846326	6.28340288317517	100	0.000228068489828779	3090.72804156865	2
"3"	0.000129266081401913	0.0321623914846326	33.8965174310191	10	0.000419106223249246	1935.86442260836	3
"4"	0.000129266081401913	0.0321623914846326	33.8965174310191	100	3.67526635147089e-05	3090.72804156865	4
"5"	0.000129266081401913	0.0321623914846326	182.858542626312	100	0.000124109910966047	3090.72804156865	5
"6"	0.000129266081401913	0.149235177610494	1.16475540216307	10	3.67526635147089e-05	1055.96104642898	6
"7"	0.000129266081401913	0.149235177610494	6.28340288317517	10	0.000228068489828779	1935.86442260836	7
"8"	0.000129266081401913	0.149235177610494	33.8965174310191	0.1	0.000228068489828779	3090.72804156865	8
"9"	0.000129266081401913	0.692459024605713	6.28340288317517	0.1	0.000419106223249246	1139.80486856695	9
"10"	0.000129266081401913	3.21304606886585	1.16475540216307	1	0.000124109910966047	1496.50043041398	10
"11"	0.000129266081401913	3.21304606886585	1.16475540216307	100	0.000124109910966047	1935.86442260836	11
"12"	0.000129266081401913	14.9087017048158	6.28340288317517	100	0.000124109910966047	1139.80486856695	12
"13"	0.000129266081401913	14.9087017048158	33.8965174310191	10	3.67526635147089e-05	1055.96104642898	13
"14"	0.000129266081401913	14.9087017048158	182.858542626312	0.1	6.75379137712705e-05	1055.96104642898	14
"15"	0.000129266081401913	14.9087017048158	182.858542626312	10	0.000228068489828779	1935.86442260836	15
"16"	0.000278495330016767	0.0321623914846326	1.16475540216307	0.01	3.67526635147089e-05	1055.96104642898	16
"17"	0.000278495330016767	0.0321623914846326	182.858542626312	0.01	0.000419106223249246	3090.72804156865	17
"18"	0.000278495330016767	0.0321623914846326	182.858542626312	1	0.000124109910966047	1139.80486856695	18
"19"	0.000278495330016767	0.149235177610494	1.16475540216307	0.1	6.75379137712705e-05	1496.50043041398	19
"20"	0.000278495330016767	0.149235177610494	182.858542626312	100	0.000124109910966047	1055.96104642898	20
"21"	0.000278495330016767	0.692459024605713	1.16475540216307	10	0.000124109910966047	1139.80486856695	21
"22"	0.000278495330016767	0.692459024605713	33.8965174310191	1	0.000228068489828779	1496.50043041398	22
"23"	0.000278495330016767	0.692459024605713	33.8965174310191	1	0.000228068489828779	1139.80486856695	23
"24"	0.000278495330016767	0.692459024605713	182.858542626312	10	0.000124109910966047	1139.80486856695	24
"25"	0.000278495330016767	3.21304606886585	0.215910896068867	1	3.67526635147089e-05	3090.72804156865	25
"26"	0.000278495330016767	3.21304606886585	1.16475540216307	10	6.75379137712705e-05	1139.80486856695	26
"27"	0.000278495330016767	3.21304606886585	6.28340288317517	10	3.67526635147089e-05	1496.50043041398	27
"28"	0.000278495330016767	3.21304606886585	182.858542626312	0.01	0.000228068489828779	1496.50043041398	28
"29"	0.000278495330016767	14.9087017048158	6.28340288317517	0.01	0.000124109910966047	1139.80486856695	29
"30"	0.000278495330016767	14.9087017048158	6.28340288317517	1	0.000419106223249246	3090.72804156865	30
"31"	0.000278495330016767	14.9087017048158	33.8965174310191	0.1	3.67526635147089e-05	1055.96104642898	31
"32"	0.000278495330016767	14.9087017048158	182.858542626312	10	0.000228068489828779	3090.72804156865	32
"33"	6e-04	0.0321623914846326	0.215910896068867	0.01	6.75379137712705e-05	1055.96104642898	33
"34"	6e-04	0.0321623914846326	0.215910896068867	10	6.75379137712705e-05	1139.80486856695	34
"35"	6e-04	0.0321623914846326	1.16475540216307	1	0.000124109910966047	1055.96104642898	35
"36"	6e-04	0.0321623914846326	1.16475540216307	100	0.000124109910966047	1055.96104642898	36
"37"	6e-04	0.0321623914846326	6.28340288317517	1	0.000419106223249246	1139.80486856695	37
"38"	6e-04	0.0321623914846326	6.28340288317517	100	3.67526635147089e-05	1055.96104642898	38
"39"	6e-04	0.0321623914846326	33.8965174310191	0.1	3.67526635147089e-05	3090.72804156865	39
"40"	6e-04	0.149235177610494	0.215910896068867	0.1	0.000419106223249246	1055.96104642898	40
"41"	6e-04	0.149235177610494	1.16475540216307	1	0.000228068489828779	1139.80486856695	41
"42"	6e-04	0.149235177610494	33.8965174310191	10	0.000419106223249246	3090.72804156865	42
"43"	6e-04	0.149235177610494	33.8965174310191	100	0.000124109910966047	1496.50043041398	43
"44"	6e-04	0.149235177610494	182.858542626312	10	0.000228068489828779	1139.80486856695	44
"45"	6e-04	0.149235177610494	182.858542626312	100	0.000228068489828779	3090.72804156865	45
"46"	6e-04	0.692459024605713	0.215910896068867	0.1	0.000419106223249246	3090.72804156865	46
"47"	6e-04	0.692459024605713	1.16475540216307	100	3.67526635147089e-05	1935.86442260836	47
"48"	6e-04	0.692459024605713	6.28340288317517	0.1	3.67526635147089e-05	1935.86442260836	48
"49"	6e-04	0.692459024605713	33.8965174310191	1	0.000419106223249246	1139.80486856695	49
"50"	6e-04	0.692459024605713	33.8965174310191	10	3.67526635147089e-05	3090.72804156865	50
"51"	6e-04	0.692459024605713	182.858542626312	0.1	3.67526635147089e-05	1496.50043041398	51
"52"	6e-04	3.21304606886585	0.215910896068867	0.1	0.000124109910966047	1935.86442260836	52
"53"	6e-04	3.21304606886585	0.215910896068867	10	3.67526635147089e-05	1935.86442260836	53
"54"	6e-04	3.21304606886585	1.16475540216307	0.1	0.000124109910966047	1055.96104642898	54
"55"	6e-04	3.21304606886585	6.28340288317517	0.01	0.000124109910966047	1139.80486856695	55
"56"	6e-04	3.21304606886585	33.8965174310191	0.1	0.000124109910966047	1139.80486856695	56
"57"	6e-04	3.21304606886585	33.8965174310191	10	6.75379137712705e-05	1935.86442260836	57
"58"	6e-04	3.21304606886585	182.858542626312	0.1	3.67526635147089e-05	3090.72804156865	58
"59"	6e-04	14.9087017048158	6.28340288317517	1	0.000124109910966047	1139.80486856695	59
"60"	6e-04	14.9087017048158	182.858542626312	1	3.67526635147089e-05	1139.80486856695	60
"61"	0.00129266081401913	0.0321623914846326	1.16475540216307	0.1	0.000419106223249246	3090.72804156865	61
"62"	0.00129266081401913	0.0321623914846326	1.16475540216307	10	3.67526635147089e-05	1139.80486856695	62
"63"	0.00129266081401913	0.0321623914846326	1.16475540216307	100	0.000124109910966047	1139.80486856695	63
"64"	0.00129266081401913	0.0321623914846326	33.8965174310191	1	3.67526635147089e-05	3090.72804156865	64
"65"	0.00129266081401913	0.0321623914846326	33.8965174310191	1	0.000124109910966047	1935.86442260836	65
"66"	0.00129266081401913	0.0321623914846326	33.8965174310191	10	0.000228068489828779	1935.86442260836	66
"67"	0.00129266081401913	0.0321623914846326	33.8965174310191	100	0.000124109910966047	1935.86442260836	67
"68"	0.00129266081401913	0.149235177610494	33.8965174310191	0.1	6.75379137712705e-05	1055.96104642898	68
"69"	0.00129266081401913	0.149235177610494	33.8965174310191	10	0.000419106223249246	1496.50043041398	69
"70"	0.00129266081401913	0.692459024605713	0.215910896068867	0.01	0.000124109910966047	1139.80486856695	70
"71"	0.00129266081401913	0.692459024605713	0.215910896068867	10	6.75379137712705e-05	1055.96104642898	71
"72"	0.00129266081401913	0.692459024605713	0.215910896068867	100	6.75379137712705e-05	1935.86442260836	72
"73"	0.00129266081401913	0.692459024605713	6.28340288317517	0.01	0.000124109910966047	1496.50043041398	73
"74"	0.00129266081401913	0.692459024605713	182.858542626312	0.1	6.75379137712705e-05	1139.80486856695	74
"75"	0.00129266081401913	3.21304606886585	0.215910896068867	0.01	3.67526635147089e-05	1055.96104642898	75
"76"	0.00129266081401913	3.21304606886585	0.215910896068867	1	0.000124109910966047	1055.96104642898	76
"77"	0.00129266081401913	3.21304606886585	0.215910896068867	100	3.67526635147089e-05	1055.96104642898	77
"78"	0.00129266081401913	3.21304606886585	1.16475540216307	10	6.75379137712705e-05	1935.86442260836	78
"79"	0.00129266081401913	3.21304606886585	6.28340288317517	1	0.000124109910966047	1935.86442260836	79
"80"	0.00129266081401913	3.21304606886585	33.8965174310191	10	0.000124109910966047	1935.86442260836	80
"81"	0.00129266081401913	14.9087017048158	0.215910896068867	10	3.67526635147089e-05	1055.96104642898	81
"82"	0.00129266081401913	14.9087017048158	1.16475540216307	100	3.67526635147089e-05	1139.80486856695	82
"83"	0.00129266081401913	14.9087017048158	6.28340288317517	100	0.000419106223249246	1055.96104642898	83
"84"	0.00278495330016767	0.0321623914846326	1.16475540216307	1	3.67526635147089e-05	1935.86442260836	84
"85"	0.00278495330016767	0.0321623914846326	1.16475540216307	100	3.67526635147089e-05	1496.50043041398	85
"86"	0.00278495330016767	0.0321623914846326	1.16475540216307	100	6.75379137712705e-05	1496.50043041398	86
"87"	0.00278495330016767	0.0321623914846326	6.28340288317517	1	0.000124109910966047	1496.50043041398	87
"88"	0.00278495330016767	0.0321623914846326	33.8965174310191	0.01	0.000228068489828779	1055.96104642898	88
"89"	0.00278495330016767	0.149235177610494	33.8965174310191	100	0.000419106223249246	1496.50043041398	89
"90"	0.00278495330016767	0.692459024605713	6.28340288317517	0.1	0.000419106223249246	3090.72804156865	90
"91"	0.00278495330016767	0.692459024605713	182.858542626312	1	0.000124109910966047	1055.96104642898	91
"92"	0.00278495330016767	0.692459024605713	182.858542626312	1	0.000124109910966047	1139.80486856695	92
"93"	0.00278495330016767	3.21304606886585	0.215910896068867	100	0.000124109910966047	3090.72804156865	93
"94"	0.00278495330016767	3.21304606886585	6.28340288317517	10	0.000228068489828779	1139.80486856695	94
"95"	0.00278495330016767	3.21304606886585	182.858542626312	1	6.75379137712705e-05	3090.72804156865	95
"96"	0.00278495330016767	3.21304606886585	182.858542626312	100	3.67526635147089e-05	3090.72804156865	96
"97"	0.00278495330016767	14.9087017048158	0.215910896068867	0.1	0.000124109910966047	1139.80486856695	97
"98"	0.00278495330016767	14.9087017048158	0.215910896068867	0.1	0.000419106223249246	1496.50043041398	98
"99"	0.00278495330016767	14.9087017048158	1.16475540216307	100	0.000419106223249246	1139.80486856695	99
"100"	0.00278495330016767	14.9087017048158	182.858542626312	1	0.000419106223249246	1139.80486856695	100
