"X1"	"X2"	"X3"	"X4"	"X5"	"X6"	"V7"
"1"	0.000129266081401913	0.0321039338395227	0.0812078523407937	0.1	0.000224360706960405	5462.84918371001	1
"2"	0.000129266081401913	0.0321039338395227	6.59471528180414	100	0.000122593543639572	5228.46249832898	2
"3"	0.000129266081401913	0.0321039338395227	59.428540246594	0.01	0.000122593543639572	5685.70478987438	3
"4"	0.000129266081401913	0.148693177564374	0.0812078523407937	100	0.00041060667090077	5462.84918371001	4
"5"	0.000129266081401913	0.148693177564374	0.731807805939733	0.1	0.000224360706960405	5537.06045461011	5
"6"	0.000129266081401913	0.148693177564374	6.59471528180414	100	3.66023691459693e-05	5462.84918371001	6
"7"	0.000129266081401913	0.148693177564374	6.59471528180414	100	0.00041060667090077	5462.84918371001	7
"8"	0.000129266081401913	0.688690089031129	0.00901153995390319	0.01	3.66023691459693e-05	5685.70478987438	8
"9"	0.000129266081401913	0.688690089031129	0.00901153995390319	1	0.00041060667090077	5228.46249832898	9
"10"	0.000129266081401913	0.688690089031129	0.00901153995390319	10	6.69866713548905e-05	5537.06045461011	10
"11"	0.000129266081401913	0.688690089031129	0.731807805939733	10	0.000122593543639572	5537.06045461011	11
"12"	0.000129266081401913	0.688690089031129	6.59471528180414	0.01	0.000122593543639572	5462.84918371001	12
"13"	0.000129266081401913	0.688690089031129	6.59471528180414	0.01	0.000224360706960405	5685.70478987438	13
"14"	0.000129266081401913	0.688690089031129	6.59471528180414	100	3.66023691459693e-05	5537.06045461011	14
"15"	0.000129266081401913	0.688690089031129	59.428540246594	0.1	3.66023691459693e-05	5462.84918371001	15
"16"	0.000129266081401913	0.688690089031129	59.428540246594	0.1	6.69866713548905e-05	5228.46249832898	16
"17"	0.000129266081401913	3.18974983586163	0.0812078523407937	0.1	3.66023691459693e-05	5537.06045461011	17
"18"	0.000129266081401913	3.18974983586163	0.731807805939733	0.1	6.69866713548905e-05	5367.67956903281	18
"19"	0.000129266081401913	3.18974983586163	0.731807805939733	0.1	6.69866713548905e-05	5462.84918371001	19
"20"	0.000129266081401913	3.18974983586163	6.59471528180414	10	0.000224360706960405	5367.67956903281	20
"21"	0.000129266081401913	14.7737047148349	0.00901153995390319	0.01	0.000122593543639572	5228.46249832898	21
"22"	0.000129266081401913	14.7737047148349	0.0812078523407937	10	0.00041060667090077	5367.67956903281	22
"23"	0.000129266081401913	14.7737047148349	0.0812078523407937	100	0.00041060667090077	5537.06045461011	23
"24"	0.000129266081401913	14.7737047148349	0.731807805939733	0.1	0.000224360706960405	5228.46249832898	24
"25"	0.000129266081401913	14.7737047148349	6.59471528180414	1	3.66023691459693e-05	5685.70478987438	25
"26"	0.000129266081401913	14.7737047148349	6.59471528180414	100	0.000224360706960405	5537.06045461011	26
"27"	0.000278495330016767	0.0321039338395227	0.0812078523407937	10	0.000122593543639572	5685.70478987438	27
"28"	0.000278495330016767	0.0321039338395227	0.731807805939733	10	0.000122593543639572	5537.06045461011	28
"29"	0.000278495330016767	0.148693177564374	0.0812078523407937	0.01	6.69866713548905e-05	5367.67956903281	29
"30"	0.000278495330016767	0.148693177564374	0.0812078523407937	1	0.00041060667090077	5228.46249832898	30
"31"	0.000278495330016767	0.148693177564374	59.428540246594	1	0.000122593543639572	5537.06045461011	31
"32"	0.000278495330016767	0.688690089031129	0.00901153995390319	1	6.69866713548905e-05	5462.84918371001	32
"33"	0.000278495330016767	0.688690089031129	0.00901153995390319	100	0.00041060667090077	5685.70478987438	33
"34"	0.000278495330016767	0.688690089031129	0.0812078523407937	10	0.000224360706960405	5462.84918371001	34
"35"	0.000278495330016767	0.688690089031129	0.731807805939733	0.01	0.000122593543639572	5685.70478987438	35
"36"	0.000278495330016767	0.688690089031129	59.428540246594	100	3.66023691459693e-05	5685.70478987438	36
"37"	0.000278495330016767	3.18974983586163	0.00901153995390319	1	6.69866713548905e-05	5367.67956903281	37
"38"	0.000278495330016767	3.18974983586163	0.0812078523407937	0.01	0.000122593543639572	5685.70478987438	38
"39"	0.000278495330016767	3.18974983586163	0.0812078523407937	1	3.66023691459693e-05	5367.67956903281	39
"40"	0.000278495330016767	3.18974983586163	0.731807805939733	100	6.69866713548905e-05	5685.70478987438	40
"41"	0.000278495330016767	14.7737047148349	0.0812078523407937	100	0.000122593543639572	5685.70478987438	41
"42"	0.000278495330016767	14.7737047148349	0.731807805939733	10	3.66023691459693e-05	5537.06045461011	42
"43"	0.000278495330016767	14.7737047148349	6.59471528180414	1	3.66023691459693e-05	5685.70478987438	43
"44"	6e-04	0.0321039338395227	0.00901153995390319	10	3.66023691459693e-05	5537.06045461011	44
"45"	6e-04	0.0321039338395227	0.731807805939733	0.01	6.69866713548905e-05	5537.06045461011	45
"46"	6e-04	0.0321039338395227	0.731807805939733	1	0.00041060667090077	5537.06045461011	46
"47"	6e-04	0.0321039338395227	6.59471528180414	0.01	0.000224360706960405	5462.84918371001	47
"48"	6e-04	0.0321039338395227	6.59471528180414	0.1	0.000224360706960405	5537.06045461011	48
"49"	6e-04	0.0321039338395227	59.428540246594	10	0.000122593543639572	5367.67956903281	49
"50"	6e-04	0.148693177564374	0.00901153995390319	0.01	0.000122593543639572	5462.84918371001	50
"51"	6e-04	0.148693177564374	6.59471528180414	0.01	6.69866713548905e-05	5367.67956903281	51
"52"	6e-04	0.688690089031129	0.0812078523407937	10	0.000122593543639572	5685.70478987438	52
"53"	6e-04	0.688690089031129	0.731807805939733	1	0.00041060667090077	5537.06045461011	53
"54"	6e-04	0.688690089031129	6.59471528180414	0.1	3.66023691459693e-05	5228.46249832898	54
"55"	6e-04	3.18974983586163	0.00901153995390319	100	0.00041060667090077	5685.70478987438	55
"56"	6e-04	3.18974983586163	0.00901153995390319	100	0.00041060667090077	5228.46249832898	56
"57"	6e-04	3.18974983586163	0.0812078523407937	0.01	0.000224360706960405	5462.84918371001	57
"58"	6e-04	3.18974983586163	0.0812078523407937	10	0.000122593543639572	5462.84918371001	58
"59"	6e-04	3.18974983586163	0.0812078523407937	100	0.00041060667090077	5685.70478987438	59
"60"	6e-04	3.18974983586163	0.731807805939733	1	6.69866713548905e-05	5685.70478987438	60
"61"	6e-04	14.7737047148349	0.00901153995390319	0.01	0.00041060667090077	5228.46249832898	61
"62"	6e-04	14.7737047148349	0.731807805939733	0.01	6.69866713548905e-05	5685.70478987438	62
"63"	6e-04	14.7737047148349	0.731807805939733	0.1	0.000224360706960405	5685.70478987438	63
"64"	6e-04	14.7737047148349	0.731807805939733	100	6.69866713548905e-05	5462.84918371001	64
"65"	0.00129266081401913	0.0321039338395227	0.00901153995390319	10	3.66023691459693e-05	5367.67956903281	65
"66"	0.00129266081401913	0.0321039338395227	0.0812078523407937	100	3.66023691459693e-05	5228.46249832898	66
"67"	0.00129266081401913	0.0321039338395227	0.731807805939733	1	0.000224360706960405	5367.67956903281	67
"68"	0.00129266081401913	0.0321039338395227	6.59471528180414	1	0.000122593543639572	5462.84918371001	68
"69"	0.00129266081401913	0.0321039338395227	6.59471528180414	1	0.000122593543639572	5537.06045461011	69
"70"	0.00129266081401913	0.0321039338395227	6.59471528180414	100	3.66023691459693e-05	5228.46249832898	70
"71"	0.00129266081401913	0.148693177564374	0.731807805939733	100	6.69866713548905e-05	5537.06045461011	71
"72"	0.00129266081401913	0.148693177564374	59.428540246594	1	0.000122593543639572	5685.70478987438	72
"73"	0.00129266081401913	0.688690089031129	0.0812078523407937	1	6.69866713548905e-05	5537.06045461011	73
"74"	0.00129266081401913	3.18974983586163	0.0812078523407937	100	0.000122593543639572	5367.67956903281	74
"75"	0.00129266081401913	3.18974983586163	0.731807805939733	100	0.00041060667090077	5685.70478987438	75
"76"	0.00129266081401913	3.18974983586163	6.59471528180414	1	0.000122593543639572	5462.84918371001	76
"77"	0.00129266081401913	3.18974983586163	59.428540246594	0.01	6.69866713548905e-05	5228.46249832898	77
"78"	0.00129266081401913	14.7737047148349	0.00901153995390319	1	0.000122593543639572	5367.67956903281	78
"79"	0.00129266081401913	14.7737047148349	0.731807805939733	0.01	6.69866713548905e-05	5462.84918371001	79
"80"	0.00129266081401913	14.7737047148349	6.59471528180414	100	0.00041060667090077	5462.84918371001	80
"81"	0.00129266081401913	14.7737047148349	59.428540246594	0.1	0.000122593543639572	5367.67956903281	81
"82"	0.00278495330016767	0.0321039338395227	6.59471528180414	0.1	6.69866713548905e-05	5228.46249832898	82
"83"	0.00278495330016767	0.0321039338395227	6.59471528180414	0.1	0.00041060667090077	5228.46249832898	83
"84"	0.00278495330016767	0.0321039338395227	59.428540246594	10	0.000122593543639572	5462.84918371001	84
"85"	0.00278495330016767	0.148693177564374	0.00901153995390319	1	3.66023691459693e-05	5228.46249832898	85
"86"	0.00278495330016767	0.148693177564374	0.00901153995390319	1	0.000224360706960405	5367.67956903281	86
"87"	0.00278495330016767	0.148693177564374	0.00901153995390319	10	3.66023691459693e-05	5367.67956903281	87
"88"	0.00278495330016767	0.148693177564374	6.59471528180414	0.01	3.66023691459693e-05	5685.70478987438	88
"89"	0.00278495330016767	0.688690089031129	0.00901153995390319	1	6.69866713548905e-05	5228.46249832898	89
"90"	0.00278495330016767	0.688690089031129	0.00901153995390319	10	6.69866713548905e-05	5228.46249832898	90
"91"	0.00278495330016767	0.688690089031129	6.59471528180414	0.1	0.00041060667090077	5685.70478987438	91
"92"	0.00278495330016767	0.688690089031129	59.428540246594	0.1	0.000224360706960405	5367.67956903281	92
"93"	0.00278495330016767	3.18974983586163	0.00901153995390319	10	0.000122593543639572	5367.67956903281	93
"94"	0.00278495330016767	3.18974983586163	0.0812078523407937	100	0.000122593543639572	5685.70478987438	94
"95"	0.00278495330016767	3.18974983586163	0.731807805939733	0.01	6.69866713548905e-05	5462.84918371001	95
"96"	0.00278495330016767	3.18974983586163	0.731807805939733	100	3.66023691459693e-05	5462.84918371001	96
"97"	0.00278495330016767	3.18974983586163	6.59471528180414	0.01	0.000224360706960405	5367.67956903281	97
"98"	0.00278495330016767	14.7737047148349	0.0812078523407937	1	0.000122593543639572	5685.70478987438	98
"99"	0.00278495330016767	14.7737047148349	0.731807805939733	0.1	3.66023691459693e-05	5367.67956903281	99
"100"	0.00278495330016767	14.7737047148349	0.731807805939733	10	3.66023691459693e-05	5462.84918371001	100
