"V2"	"V3"	"V4"	"V5"	"V6"	"V7"	"V8"
"1"	0.321	0.000156539600953916	0.0393297706357387	0.0427872353193573	0.0243437446130663	0.000151291555593908	159.728550698888
"2"	0.308	0.000153855898212905	0.0403989076730805	0.219045057969323	1.15499492041411	8.42493382337186e-05	0.208342169675327
"3"	0.301	0.000140225851080441	0.047585577906656	3.01079691957495	996.86393067287	6.75372883039777e-05	13.1867734845474
"4"	0.301	0.000164694088741052	0.193953724963872	2.36474521425934	13.1213777659054	7.22180080089248e-05	16.8859899854074
"5"	0.301	0.000169731236690181	0.00737820674000806	4.26814050705159	1.19974046857502	4.91804734591731e-05	23.4100981702728
"6"	0.302	9.60832992803091e-05	0.0656310304306494	117.094093137764	12.0716586024806	6.9776399349545e-05	337.732974179657
"7"	0.301	0.000279919808451074	1.45909708162897	2.56175306493142	1.29648974010093	6.97306973399678e-05	0
"8"	0.302	0.000143552210691058	0.793096865062013	1.29221439831057	7.21013081593205	7.23925150186017e-05	10.2613127004588
"9"	0.301	0.000166176874906279	0.905183708305135	4.15971138352073	971.551163354226	6.59807566171087e-05	28.291116400352
"10"	0.32	0.000179069915210238	0.830359092788765	0.0012323600023981	0.218856129999963	0.000333148245147966	15.540408713063
"11"	0.29	6.44982367316672e-05	0.00693147180559945	11.350663843424	0.483606814606834	2.56025747775959e-05	1351.24414060593
"12"	0.302	6.07582258639408e-05	3.68081097262443	1.1283778470725	0.126620565165747	8.03019370061016e-05	3.65645040115786e-05
"13"	0.32	0.00585615633964794	62.1954505566693	0.00100000000000418	0.0272324339013933	0.000362149663003094	12.0575332674325
"14"	0.327	0.000138480282089898	15.4014110018441	0.0438075701090124	0.024274231316708	0.000242940485492141	629.501614856249
"15"	0.33	0.000139034811239126	15.4022254190229	0.00724666554724663	14.519740888612	0.000429204116722894	694.470743508896
"16"	0.303	0.00015069527533563	16.6722981628596	0.537833286064219	0.188481106950256	7.82343611947383e-05	10.4897891590629
"17"	0.32	0.00016665828945563	16.8312106059681	0.00234707510378908	0.215306858887518	0.000332382550206165	11.8915431272683
"18"	0.301	0.000145059607405122	18.4038789666969	4.53614723890323	254.970005202453	6.97923517825447e-05	19.7193808610818
"19"	0.301	0.000146207668803267	24.7056288126824	8.34955075557145	0.0122820036608215	7.38678724705646e-05	53.4860084279081
"20"	0.301	8.94521828859245e-05	3.15718128635332	117.241006501728	0.119635191649102	7.01877182529555e-05	334.049807117233
"21"	0.32	0.000234148729914258	46.2961975876242	0.00100000000000418	0.291142583078819	0.000355385536686109	42.6394301112466
"22"	0.301	0.000331718405451254	0.0362616773678951	4.34474614787112	0.151240148321629	7.23925159082409e-05	577.436543939657
"23"	0.32	0.00527415397621151	0.0114095818425001	11.4936662179717	0.00740546739251714	0.000176283748461017	13.2790246828575
"24"	0.298	0.000121209656947605	0.00734476917378657	97.1105097541962	9.71193746136033	6.77767036513983e-05	889.716424522774
"25"	0.301	0.00202337903497205	1.02262577168365	51.9128646597063	1.54353934874039	7.1721964743318e-05	105.251693237277
"26"	0.32	0.00595756123170907	24.0233530825404	0.001	0.02718292550524	0.000363629165134919	2.25100179562718
"27"	0.301	0.000426027704720141	3.87200919355125	3.22300396788003	180.313865481527	6.70502788831685e-05	0
"28"	0.301	0.000372831649115643	0.0133341895968211	3.56201664505353	1.74340352506609	5.89470302588612e-05	15.313309967661
"29"	0.306	0.000317086014605736	3.74718742433434	2.37160953758607	1.21887683864411	0.000124074390563764	563.052443539464
"30"	0.295	6e-05	0.00693147180559945	3.78222891708071	0.272755237589213	5.11700839807639e-05	923.199142692467
"31"	0.323	0.00030163149931496	3.32383213689418	0.0013203442216917	21.4042884680682	0.000423229995699198	330.969594948442
"32"	0.303	0.00030178321700529	3.32510427142804	10.8863482920765	111.624148288136	9.8461256660253e-05	333.771720515713
"33"	0.301	0.00143386571070285	17.8168567251415	96.5748913864227	0.0141375160313082	4.66335548080627e-05	91.779911258599
"34"	0.309	0.000310777436948195	17.2839637985012	0.194608837612007	0.101890331244259	9.29016266656162e-05	1.31338367339521
"35"	0.322	0.000330476041074262	17.5565673382641	0.001	2.26965108417264	0.000420426591691936	246.631201963261
"36"	0.301	0.000332072256043005	22.0900510493972	8.35300954531378	0.0122766297578841	7.41371788745946e-05	55.8783822899266
"37"	0.291	0.000356649796184665	0.00693147180559945	129.945921613226	0.0583750418714445	3.80584924563901e-05	1055.13526075879
"38"	0.292	0.000196730881642307	0.00693147180559945	96.8341966413592	1.75965409468216	3.80703910075048e-05	1609.89042331457
"39"	0.301	0.000849953055355459	0.0697579086626759	6.83940485637157	41.986213550563	6.65611832517406e-05	0
"40"	0.289	6e-05	0.0238726484814391	9.75604824867627	0.0999999618533942	2.09818871242783e-05	1523.85531259848
"41"	0.301	0.006	0.176011001483583	121.502695816389	0.0513015518398108	6.95664167788517e-05	9.65204896376503
"42"	0.301	0.00141652804548448	0.0689778599928573	135.663837479828	1.20986235246737	6.91413737388564e-05	333.306149251495
"43"	0.296	0.00062331417290377	0.00698909746082744	152.941996225949	0.492066153139246	4.4175730995083e-05	849.611981887139
"44"	0.298	0.000130394150894523	0.00698642848378186	91.2409113947121	9.68296601144154	6.77439270723336e-05	892.273309866232
"45"	0.301	0.00076962297304633	0.0416005329897748	137.130272311461	26.7316507031558	6.63392558474403e-05	11.7959986595548
"46"	0.302	0.000779287015796445	0.189423021080518	1.53127285038837	2.7363651946435	6.66482969520744e-05	5.57813593430699
"47"	0.301	0.00080554979273874	0.204866976609476	15.1719531172635	12.9982458918908	6.64549253071695e-05	4.67956738866419
"48"	0.301	0.00071302336074411	0.184138366931252	116.063307340235	119.616136607647	6.09258043631808e-05	9.29429507333659
"49"	0.295	6.16824787344623e-05	0.00693147180559945	4.44179555514188	0.351091543880118	5.11700839807639e-05	1054.52149998865
"50"	0.291	0.00032986272078206	0.00693147180559945	284.85030119531	1.981976581251	2.95330483990833e-05	1273.66867582096
"51"	0.294	6e-05	0.00693147180559945	278.268589861249	16.219018348494	5.6223040129576e-05	1484.93097104355
"52"	0.303	0.00056551171875	3.46963020062802	0.744146744670084	16.8664879127334	8.94243602180545e-05	108.373113438871
"53"	0.301	0.000826112107179706	4.53127074051672	4.69969471133088	264.091774340003	7.6703291141249e-05	30.8332599496075
"54"	0.292	0.000212212829589844	0.00693147180559945	7.01244092873607	0.21601554215034	2.96474541120755e-05	995.560132400816
"55"	0.301	0.000739551605939905	0.00693147180559945	25.1091147052466	9.23179375377575	5.17705455923155e-05	31.1294760539631
"56"	0.301	0.000991401363646235	20.3531896425097	4.29721553534559	996.058885733926	7.36748458758384e-05	81.6283036676095
"57"	0.301	0.000724400933746817	16.8757622508019	2.58622610782582	0.0145995033719457	7.26593102929347e-05	5.39287205148838
"58"	0.296	0.000176327191274671	0.00693147180559945	1.06124085564295	0.0255395241299872	2.65480491799361e-05	619.038791764994
"59"	0.295	0.00046078125	0.00693147180559945	12.4043288210851	0.314990090122559	5.31694049829738e-05	918.433489901389
"60"	0.301	0.000301725172049526	4.59184754276993	299.134640755822	0.0874782833741253	2.13113833237552e-05	2.31066072753064
"61"	0.32	0.00133442212309116	46.8691614568553	0.00100000000000418	0.293022432960932	0.000352293253738783	14.9057125157154
"62"	0.301	0.000840864926919964	39.8434512065029	127.75984475792	0.244941073859851	6.20439334561046e-05	0.000178611883875111
"63"	0.301	0.0030199043101652	0.0686384608607144	6.01655942714026	996.094124998728	7.61268532875131e-05	7.32918804957989
"64"	0.303	0.00599827517903722	0.0414343564214112	0.914363549451409	111.638580528178	9.37717437663968e-05	47.7768202002459
"65"	0.32	0.000419169046231697	0.0932987661575311	0.00116853190848561	2.23710342290314	0.000365669761890662	11.4000070211977
"66"	0.303	6.65903640096494e-05	0.0259962695639393	5.32639795565568	0.0305934248572921	2.58845764850542e-05	2363.24046465945
"67"	0.302	0.00164737873031845	0.190408751659596	1.21848383328151	117.818165127238	7.65219345874229e-05	83.0955315576766
"68"	0.297	6.16489764806809e-05	0.00693649728283433	9.98594237780706	1.02672440520537	6.90360238314564e-05	1056.21063470539
"69"	0.301	0.00248860613983501	0.396391856981884	206.638252105988	0.0201806398203781	5.27544946924733e-05	0.00691776211635616
"70"	0.295	0.000310835641719957	0.175675593777717	98.7956934566881	0.100050718669774	6.69885767653353e-05	1619.24321533962
"71"	0.301	0.002038061669652	1.04419885313207	3.59610045500596	18.8658935466152	6.45600363347339e-05	20.4633404771256
"72"	0.302	0.00149633697455484	0.41515094189908	4.53841613736704	0.0147983351854302	8.32901374275946e-05	466.254060706272
"73"	0.301	0.00218160105378219	0.0181355621354613	3.35415296248269	0.797178632008215	5.35437138116496e-05	1.19863194084955
"74"	0.297	0.00064132039149238	0.00809281769348825	117.287597649596	1.26529346265164	6.91789091367209e-05	1054.43512779616
"75"	0.301	0.00221331882229533	4.08110812229422	2.06010855043158	8.98799495015599	7.38128955554603e-05	17.6939791953631
"76"	0.301	0.0010909734960477	0.00693147180559945	5.15408622082665	2.58518829936433	5.90013149469403e-05	23.1122728517883
"77"	0.32	0.00152881798226341	18.2669024679845	0.0727842648906262	461.313854863629	0.000124453669179067	77.7136049750148
"78"	0.323	0.00142621992291517	15.2017585764067	0.00106983064490221	0.203539096830787	0.000423772286902656	330.095429418179
"79"	0.32	0.00149981254988152	15.7919365959448	0.0972753175799722	21.6893642650857	0.000138262888609087	216.818135477177
"80"	0.306	0.00144548072119323	15.3184051184633	10.986906690064	112.458866323491	0.000120926733803514	684.852680235119
"81"	0.302	0.00343352729608971	0.040080652244209	1.49955719907202	0.994945306827502	6.65714463825572e-05	5.52222822881405
"82"	0.302	0.00062474236266767	0.0845407394184634	1.36002003268211	0.0135569309326142	6.97306973399678e-05	344.549999200951
"83"	0.301	0.00356457830016767	0.0390403284211652	12.1436443192102	0.331549768464254	6.44931144668041e-05	3.33224827949198
"84"	0.302	0.00348177201153256	0.0395708382009846	1.30884882870679	14.6169192130707	7.95472772762875e-05	7.30600976507838
"85"	0.301	0.00395894244203167	0.0395252343546191	3.54757355320707	234.345789251879	7.54922632832162e-05	19.307321588146
"86"	0.305	0.00202998212168879	0.0571124109237385	10.8834978981269	0.0109531704618965	7.76320726118569e-05	323.383108283744
"87"	0.302	0.00506008865482652	0.249053272378911	10.8797394660555	0.110473903834532	8.63194407852188e-05	321.541011656353
"88"	0.292	0.000477166203670323	1.32806223829443	533.362814133474	0.00105602475217273	3.45449466009827e-05	1081.9360586783
"89"	0.301	0.000524835814847489	0.00701870266854915	120.974801476733	11.897260530551	4.01591101345196e-05	369.808021515393
"90"	0.32	0.00343464080016767	0.80684457595445	0.0721479356703328	4.49191217382441	0.000134775982077814	122.879267325081
"91"	0.301	0.00395068372512575	1.45909708162897	6.0192138298833	988.632812517934	7.30558779591742e-05	2.94902108253976
"92"	0.301	0.00300201404820174	0.90443871936354	2.66340363022197	186.576760225337	6.9877439889158e-05	16.1549704919691
"93"	0.32	0.00356103401987111	1.17351840845185	0.001	2.35331716252809	0.000356043191797782	17.4830090587865
"94"	0.301	0.00391355872512575	6.66056096426546	6.87717895626082	3.47190551442609	7.43006193547591e-05	0.000719969856582155
"95"	0.301	0.00388215082660429	4.92176655383746	2.15311529068898	985.734584567824	6.87497001756317e-05	2.42166336698421
"96"	0.321	0.00297057830016767	3.8379226578652	0.0162150134469577	93.1104994093938	0.000209792575353602	14.2020910486684
"97"	0.302	0.00429223643760479	23.5207468052945	6.01908813472963	988.749989185249	8.16909813336877e-05	0.000179992464145539
"98"	0.301	0.00258322404250223	0.00693147180559945	3.64717546962672	1.45396167688471	6.18860454220453e-05	27.0518201697434
"99"	0.302	0.00383656129142479	19.9847136779111	1.54234335319773	822.39098176174	6.90874475530303e-05	0
"100"	0.301	0.00389862996592519	17.5796185947147	3.35366303369315	22.9735934703459	6.38387653194109e-05	13.1327674482924
