"V2"	"V3"	"V4"	"V5"	"V6"
"1"	0.236	2.06767628729059e-05	0.00185588356678852	0.111093465712785	2498.47590423517
"2"	0.236	2e-05	0.00192097939223718	23.8341684657837	2518.91740919148
"3"	0.236	2.00024145104375e-05	0.0307347446272808	0.528133901923559	2655.17667603703
"4"	0.236	2.23903508617205e-05	0.580104087388632	702.459598964719	2591.21072661064
"5"	0.176	0.000170770912185474	19.5142333838147	0.00243271537262616	2391.86838935451
"6"	0.236	2.00000000000017e-05	6.2753938253491	0.235854205156635	2639.61651865246
"7"	0.311	0.00162259573311535	83.0758357957338	0.0069837690488309	4984.75344176057
"8"	0.181	0.000286766336786711	7.94188422134528	0.001	3020.01636239203
"9"	0.236	2e-05	52.1852220975525	3.10338743520029	2641.62415837497
"10"	0.181	8.18563021634246e-05	10.7968601535264	0.001	1496.10066321738
"11"	0.181	2e-05	323.792343462741	0.001	890.092207509421
"12"	0.181	2e-05	999.998700621447	0.00114559219989468	946.83057714211
"13"	0.236	2.16707804302547e-05	238.482508821234	745.713961755332	2620.12225129021
"14"	0.236	2.02671357377302e-05	0.0148150559408668	0.001	2549.99621193014
"15"	0.314	0.00196728027467221	322.230404242619	0.0275664365812178	4965.68384302429
"16"	0.181	2.10822211787369e-05	965.996824241609	0.001	894.727029840173
"17"	0.196	0.000390246337258496	783.268363047648	0.103366753152106	3300.21238096198
"18"	0.236	2.06849650987538e-05	87.7831639001976	6.23915621436256	2561.25857806871
"19"	0.18	4.34618211366356e-05	220.073799522635	0.00333523636204432	1230.65362555551
"20"	0.181	2.18179718117906e-05	804.814181092537	0.00873125878866108	925.046822849836
"21"	0.236	2.08031964198574e-05	376.196435240315	83.0216487722202	2532.8338118196
"22"	0.236	2.07773118757537e-05	0.210293247963988	82.2376718200535	2527.80101594708
"23"	0.179	0.000246518061746361	7.71372735281672	0.001	2925.65717776667
"24"	0.217	0.000514959280730137	25.5360596476589	0.00294046033416345	3954.76730731405
"25"	0.236	2.03591966745103e-05	0.0525818368762349	2.15792232842622	2651.08201294937
"26"	0.179	0.000113178935554829	11.2143036714096	0.001	2119.94946936474
"27"	0.213	0.000499118535641207	122.588205829575	0.0134321496856668	3831.77809291541
"28"	0.208	0.000456249318225717	578.790907526064	0.0711747420960117	3721.3148287239
"29"	0.312	0.00156860985289591	330.165626880829	0.0108930335201295	4954.38236268148
"30"	0.236	2.09525880464099e-05	44.3100618201896	7.52174001311574	2640.34037437836
"31"	0.184	9.81492427626983e-05	271.855840008316	0.00146514981532809	1950.07049651315
"32"	0.179	0.00010997501854267	247.84109521493	0.0279417147442981	1939.96350157268
"33"	0.236	2.04480835224751e-05	0.00719952967260192	0.00114637421954131	2449.19856373022
"34"	0.236	2.10837734535058e-05	0.00777962099884686	368.265215291064	2513.3735712787
"35"	0.237	2e-05	1.26444762582895	0.0097853015497443	2421.6931185836
"36"	0.236	2.05343001857591e-05	0.771887303490013	0.257244646405151	2625.54547282619
"37"	0.514	0.00198920806284358	254.894472352661	0.00637608202746321	6734.98692513729
"38"	0.236	2.06153260154968e-05	3.62810880549753	108.880403692879	2573.02862817658
"39"	0.3	0.00129887896135374	725.07256810414	0.0618120275330491	4894.40459874508
"40"	0.313	0.00198844850814946	998.157188679859	0.100314760589369	4910.92035174069
"41"	0.236	2.02844166523238e-05	253.756789439199	33.1762710098252	2496.65110037189
"42"	0.24	2.0000311050076e-05	986.243211950792	779.892040384455	2840.90007482983
"43"	0.176	0.000146715894713754	306.465149518574	0.0349780493095077	2286.42698669932
"44"	0.241	2e-05	0.172041463744325	0.0177086245330144	2905.89882138898
"45"	0.236	2.02633842196495e-05	0.0524442239322166	2.25307502386674	2487.21013897165
"46"	0.236	2.03585302021483e-05	1.33401928801843	8.94506967834707	2526.11544420773
"47"	0.236	2.10530145478992e-05	39.0980320161089	4.59694340277196	2470.60004189645
"48"	0.196	0.000384717817547662	8.8236231328932	0.001	3301.06710954748
"49"	0.236	2.21070564255943e-05	447.115082711509	999.999981543912	2563.48372677675
"50"	0.236	2.02724620779607e-05	0.00876283694241463	254.28815740155	2622.98063428416
"51"	0.236	2.02234155621903e-05	0.00878958611439984	82.1517261917948	2478.35698105395
"52"	0.236	2e-05	0.17177594231703	120.499873839379	2558.91181933081
"53"	0.236	2.06109019233125e-05	0.212221749570801	745.806472100386	2622.29303212368
"54"	0.179	0.000236004221123462	6.79050390589766	0.001	2876.84660655332
"55"	0.236	2.04429089723889e-05	23.0554649640077	691.767249080977	2474.61716214728
"56"	0.18	5.90417250893851e-05	999.509411804928	0.0566976054383307	1308.45251423527
"57"	0.309	0.00171822275710556	995.038245811992	0.101566161737924	4878.72036822656
"58"	0.236	2.08997949563403e-05	405.026436163989	104.821391480277	2470.16050879519
"59"	0.208	0.000415014221904846	988.665506027592	0.125489379775391	3793.72704450824
"60"	0.236	2.10126975404852e-05	0.00935221623827694	65.0317077492339	2604.08345358842
"61"	0.236	2e-05	0.0403589035019621	0.0513344696559057	2600.28164091325
"62"	0.236	2e-05	0.00966305425771056	2.6375891554285	2557.68476932663
"63"	0.236	2.00027681669852e-05	0.0349157851895965	1.33693130227552	2451.60246285703
"64"	0.236	2e-05	0.0820282991335876	0.0923503728268797	2489.08700229089
"65"	0.236	2e-05	0.997772698841914	0.103555440784495	2466.74071069636
"66"	0.236	2.0702198687275e-05	1.50529109129305	26.4209518533286	2468.52239866604
"67"	0.178	0.00021172024830093	7.5006739749717	0.001	2751.75678348223
"68"	0.236	2.05078944056294e-05	0.529404007934179	0.816890710939365	2478.11695858212
"69"	0.236	2.07409098260837e-05	104.900731854341	1.5189423887233	2499.51815310844
"70"	0.189	0.000214095297338765	438.702969761299	0.00117681349525565	2940.58995969357
"71"	0.236	2e-05	590.537116084494	8.13411009559861	2546.88664891794
"72"	0.18	6.306169334102e-05	499.98594720464	0.001	1382.15744825026
"73"	0.18	3.83414247078875e-05	460.955658179732	0.001	1168.02011653523
"74"	0.181	2.26339732926768e-05	474.187736271551	0.001	964.891726608337
"75"	0.236	2.00000495934354e-05	0.00879459407043766	0.799236469247781	2521.24922960477
"76"	0.213	0.00049496451858901	9.26996922105316	0.001	3754.44411750165
"77"	0.236	2.0188723523556e-05	0.0464272801812442	5.711512053322	2473.47817923938
"78"	0.236	2.00032300212887e-05	0.178911314567849	0.755224622380886	2609.55592577219
"79"	0.236	2.05516287313204e-05	1.17971474088584	0.31382883084808	2563.32513716856
"80"	0.201	0.000254934772597213	394.99959549165	0.00858081973703468	3399.2638025091
"81"	0.181	2.6493680444519e-05	894.814746132444	0.00501071776421968	906.08179425544
"82"	0.236	2.13640629411844e-05	445.875103094334	60.1540559112891	2516.69794820353
"83"	0.236	2e-05	0.001	1000	2624.37171308239
"84"	0.236	2.03876959365362e-05	0.0104926475981573	0.00116546572821228	2591.32327303735
"85"	0.236	2e-05	0.105318132610377	0.0548259951726927	2489.43867991931
"86"	0.236	2.0842247733746e-05	1.36353107544577	0.0827434928156145	2556.15644631574
"87"	0.18	5.41896428923079e-05	520.817156512015	0.0367393701850765	1259.45241179185
"88"	0.178	0.000126674876591443	702.972216638515	0.0903966833285327	2039.55251116113
"89"	0.181	7.34606318696516e-05	761.541776558605	0.0104963203452578	1492.41022036629
"90"	0.236	2.10919237907595e-05	0.0157587715409729	5.11834982422575	2641.57816534571
"91"	0.236	2.09063346001807e-05	0.00876639485401498	5.3613792345934	2591.90050303635
"92"	0.636	0.00186391058756206	0.0257805106860544	7.16261950296931	7124.58799454124
"93"	0.236	2.00634989961193e-05	1.21969113485497	0.129666681342705	2437.16348714899
"94"	0.215	0.000377500567358804	284.887522641458	0.0120578140664148	3841.15102612015
"95"	0.236	2.05984548994497e-05	25.2972893503834	68.4905172548489	2590.63525803039
"96"	0.186	0.000289928017147748	10.2146238062159	0.001	3222.40787856458
"97"	0.18	4.68642522153146e-05	122.456226287925	0.00267462795109373	1189.377091501
"98"	0.187	0.000312747500405846	907.693133553439	0.103504397363731	3252.24948785872
"99"	0.236	2.04832804203033e-05	224.493163785386	285.928119534785	2567.88358051462
"100"	0.236	2.07787527525886e-05	450.146893875271	971.451600586	2580.61764548556
