"V2"	"V3"	"V4"	"V5"	"V6"
"1"	0.255	0.000314876719859311	0.0187453869987126	0.12992213581305	2348.702701816
"2"	0.255	0.000290326748831813	0.0148681508378311	40.0623653499358	2218.87386768751
"3"	0.298	0.0019975253222059	3.85766232193686	0.001	3690.92030542708
"4"	0.255	0.000300798128576418	0.607460454665929	625.017054486988	2294.41229000941
"5"	0.255	0.000584798934633808	2.71452294291898	0.001	2601.02362610395
"6"	0.255	0.000307622013147921	7.33903812966753	0.531112000709336	2310.67100215187
"7"	0.256	0.000338747461215982	66.9422863367092	991.27214982732	2415.84811941892
"8"	0.269	0.00155131519308235	3.78921261726806	0.001	3149.69984696897
"9"	0.255	0.000297649429940496	48.0323681849444	3.79428930189419	2306.64136204656
"10"	0.256	0.00033063676491226	96.720280805136	22.0907597886256	2400.95668949826
"11"	0.255	0.000288691394570692	132.275083639686	980.689145272614	2241.55405240493
"12"	0.247	0.000844883810190924	295.228587880047	0.097416823432808	2891.53587767436
"13"	0.255	0.00031788904998244	273.262219030293	869.396351487172	2347.73647064648
"14"	0.256	0.000272698730324721	0.204221151888588	368.369477045815	2233.48048722069
"15"	0.374	0.000272123899009765	261.675714195533	0.083783951504669	1133.97610981831
"16"	0.298	0.000230049044397574	729.468319236115	578.087498034907	1627.27859532814
"17"	0.257	0.000310472017049763	688.371174819017	3.03833784381033	2323.25751753575
"18"	0.258	0.000255839894741612	142.951044408581	12.5736127773214	2197.96795756823
"19"	0.334	0.000106443963796474	0.0234562129201814	0.00246769472083657	1789.11844216036
"20"	0.257	0.000272101200229039	118.632273593607	1.08857386690271	2144.25866503696
"21"	0.257	0.000355787267869869	970.621552119557	83.9679467165099	2426.97231210961
"22"	0.257	0.000351116483753601	0.510707649770864	82.5280239955011	2385.64354968234
"23"	0.28	0.00195395710437541	444.175263371266	0.120157211763049	3186.35230991468
"24"	0.256	0.000273153842925018	0.78277135737131	438.057296753645	2190.49343305848
"25"	0.258	0.000361100480441698	10.9799880555172	23.3270515161154	2415.13331517449
"26"	0.258	0.000260385239070405	8.16161914456708	233.194406916221	2233.44835488448
"27"	0.258	0.000261416386642994	0.687824968018634	0.0114941905823562	2121.82605940781
"28"	0.28	0.000195235476376178	2.44793709166354	0.0819106619956129	2004.53291612442
"29"	0.263	0.00133864183564004	549.860820946795	0.165103735038289	3093.11988732757
"30"	0.256	0.000275553015564325	138.908201913966	5.81544971174238	2174.16539556758
"31"	0.294	0.000167327444333317	0.00678102324403264	0.00133677792065874	1963.17152774951
"32"	0.291	0.000173142837306751	0.168193270574935	0.013631069991208	1944.47517590735
"33"	0.257	0.000349134680578463	0.018981118705088	0.00976556692941634	2413.23071921775
"34"	0.28	0.00196203438699916	4.05949259537636	0.001	3167.9471349746
"35"	0.278	0.00190206385426068	15.2889458530744	0.00402825145504963	3167.00989461921
"36"	0.257	0.000352141213405081	2.137614433402	0.0660532842756774	2430.57674172354
"37"	0.251	0.000985646187238047	273.842522889506	0.0826872162740835	2980.85735613198
"38"	0.257	0.000350059131370677	5.97106721227129	84.6629234373633	2428.46017737166
"39"	0.26	0.000353451834933596	964.963271988775	930.879984391989	2512.01737079079
"40"	0.269	0.00157171702767306	370.23242435588	0.0993566454916217	3137.478922898
"41"	0.255	0.000312142393922166	20.4130511533557	29.1033442231282	2249.38290187503
"42"	0.256	0.000345583290874305	3.47310084587014	982.998025354394	2358.03289517875
"43"	0.263	0.00037428795503194	812.330454509069	4.77105269410153	2572.44669336379
"44"	0.255	0.000311995640539951	0.464236005132522	0.00574191840616294	2354.16266030868
"45"	0.255	0.000308094011722141	0.00337095103152769	1.59835067243314	2322.35876242364
"46"	0.255	0.000288007054862635	0.221621547745653	1.89298486732642	2262.12122534828
"47"	0.256	0.000310026193154755	2.06583054291744	4.92544136116142	2224.72080364364
"48"	0.444	0.00194318502221147	92.6075860614885	0.001	3388.37141771442
"49"	0.256	0.000321673589757832	410.252985273841	909.301697969781	2419.77822182013
"50"	0.256	0.00033699752421459	0.00476083783117601	136.665201776506	2400.22999054203
"51"	0.26	0.000381122194018954	0.00506240928066407	82.1978682591809	2454.59608527372
"52"	0.276	0.000538479550934554	1.24589673518763	0.001	2636.16671252505
"53"	0.256	0.000339162866860187	0.121104448985255	860.884635068897	2406.19847452898
"54"	0.276	0.00179693199034105	3.67290693373124	0.001	3189.85262438566
"55"	0.257	0.000268180691944574	12.2726669393544	944.326958750432	2181.68458314466
"56"	0.255	0.000283601104514556	0.001	0.0925266579742505	2244.32170759843
"57"	0.278	0.00188963612967396	533.546824519108	0.142774503897514	3203.83024866739
"58"	0.285	0.000389809093069798	682.680898311642	53.861617250797	2825.06761103868
"59"	0.264	0.00139087224566811	372.725357851599	0.107867407391493	3109.2377796566
"60"	0.255	0.000329375350579572	0.00821665687673745	75.9829660962216	2331.16055468299
"61"	0.255	0.000319993487559593	0.0228403639182099	0.00360841451509292	2330.90385973447
"62"	0.255	0.000300970477665142	0.10277021856934	2.36612089337828	2348.93132556002
"63"	0.255	0.000306216033193123	0.0202951153772953	1.4271426059331	2258.02907137297
"64"	0.255	0.000304792493473753	0.426001399711348	0.218543768718785	2320.51085771778
"65"	0.255	0.000323585191881537	0.49731156950555	0.0839893093541115	2321.03287695765
"66"	0.255	0.000315253369335244	1.3751823469317	18.4823560046587	2354.10534123332
"67"	0.257	0.00034136199457253	2.02528963916881	31.5470788699567	2442.9121352383
"68"	0.255	0.000311750788685777	31.3079290925334	0.820984504214594	2265.89634124095
"69"	0.255	0.000284700621599214	54.7116659547537	3.75830891386487	2230.47529417974
"70"	0.438	0.00137618594750274	793.909346196768	0.00114509800745899	3291.15524535407
"71"	0.256	0.000281644837084659	505.695510537663	7.61989573508012	2169.30439353403
"72"	0.274	0.000467906145233498	530.473966080553	0.216336989894859	2650.35105854169
"73"	0.25	0.000950195923018921	920.457268924707	0.292768627482207	2975.02755762218
"74"	0.282	0.000251210802428573	534.54666663456	337.238581646658	1767.82579024874
"75"	0.255	0.000312354453197136	0.00541500348425705	5.56445768495339	2256.54856584542
"76"	0.261	0.00126683186380679	3.64823116394232	0.001	3044.34669627774
"77"	0.255	0.000297027009233412	0.032515843693875	10.8535200252149	2251.46842910598
"78"	0.255	0.000302974112185073	0.0783832852375232	0.297415403978354	2256.66177770667
"79"	0.255	0.000304076823678422	16.6676751417122	1.27314766470123	2239.01600487706
"80"	0.247	0.000808471393573476	41.5180033395337	0.0138145783091024	2841.07846514218
"81"	0.254	0.000608228341753423	1000	0.351747800856632	2589.52007307829
"82"	0.267	0.000258135310416429	645.451992192644	24.6589094285678	1935.92308613006
"83"	0.257	0.000353492285351877	0.0251212626547766	67.9224919149273	2369.18490783939
"84"	0.255	0.000307968624903994	0.00884932901023166	0.00476534615571332	2277.75800302603
"85"	0.255	0.000293554452926837	0.0903659681145691	0.0471238047985085	2217.80334790534
"86"	0.255	0.000302523067488365	22.0333067814189	0.247655696296284	2267.00801052816
"87"	0.255	0.000294363620004418	472.900698696402	775.945454066149	2236.50738324992
"88"	0.247	0.000846974912328778	370.896928719059	0.123401069370557	2885.63486691044
"89"	0.261	0.000359637077455166	546.808906512572	135.486002839951	2553.27784610248
"90"	0.255	0.000319626887613426	0.0247747824735754	11.3234020906827	2355.39716634086
"91"	0.255	0.000331538312396778	0.00742045449155641	11.582265738412	2324.47508030721
"92"	0.928	0.00198877720295322	0.025745752907342	5.67864426669901	7127.70647740134
"93"	0.255	0.000298088390704121	1.11811114860474	0.0126194049897159	2260.65570579201
"94"	0.271	0.00164155081000646	24.0069059915247	0.00644744703904224	3132.29551287127
"95"	0.255	0.000308908484438015	22.8688535153504	82.5507394846034	2260.58145607619
"96"	0.256	0.000335814445192689	0.359091663449315	1.9955718791273	2425.11017020643
"97"	0.255	0.000287672010093514	3.09136662543734	0.0709580159285771	2208.9835203745
"98"	0.25	0.000974427724228819	861.732293538019	0.272590163629367	2968.21804230459
"99"	0.255	0.000301909489048658	182.20900495801	215.44622764659	2234.4224092762
"100"	0.261	0.000385280910051487	552.267819736192	991.433879162586	2474.15521545181
