"V2"	"V3"	"V4"	"V5"	"V6"
"1"	0.199	0.000559932952317262	0.0229635574916335	0.130618989134372	1613.60574128612
"2"	0.199	0.000576696447488291	0.0198607960435857	55.3264187433937	1640.91296173933
"3"	0.24	0.00100881464904486	0.961050022216712	0.001	1927.37713800477
"4"	0.199	0.000566865015101044	0.62514238759755	949.325489606774	1629.54891734897
"5"	0.264	0.00137479959730436	1.31321244921902	0.001	2072.65158371499
"6"	0.388	0.000191629731028296	2.4644371728249	0.0264874904135025	95.1366761898728
"7"	0.199	0.00058431767897728	35.8026199341954	715.604097455149	1704.65714500751
"8"	0.204	0.000603173609693655	5.63377473347288	356.178407631455	1806.98981630077
"9"	0.199	0.00059082381939659	83.9172530425484	1.52110135890636	1699.95846710483
"10"	0.209	0.000644493338971893	142.726423870948	100.181982745078	1862.73936735004
"11"	0.217	0.000531230870952646	0.001	983.165565658301	1348.68211013276
"12"	0.216	0.000763931540620471	119.431689666898	0.218737600166927	1796.21938173762
"13"	0.199	0.000600869171669208	449.110574528035	898.333963846198	1704.33299344543
"14"	0.938	2.19153653145335e-05	0.0473525102565242	324.606370327046	7170.0928861643
"15"	0.263	0.000366244165348937	140.851782059834	0.536761712606505	982.046260615079
"16"	0.21	0.000478300566297379	947.587147352491	775.09940331935	1539.6420034167
"17"	0.203	0.00054178672531683	0.001	5.78030086428562	1505.07876861624
"18"	0.222	0.000423538771161636	143.881485392293	14.6869869211453	1399.88947829148
"19"	0.375	0.000126864030670033	0.0714224119047532	0.00228334973595983	821.756507301399
"20"	0.231	0.000412927523176864	1.95412211555336	1.18018262778251	1247.5520058729
"21"	0.255	0.0010153495858362	879.810039827118	8.56457878705815	1921.01576563737
"22"	0.244	0.0010556317078711	1.04351892807764	0.001	1940.50532353985
"23"	0.938	2.49737277398962e-05	1.11552239322021	0.152168397385351	7183.4007412157
"24"	0.203	0.000519796996588573	0.291147074972866	404.554252256721	1561.01465023258
"25"	0.331	0.00196473189483621	76.848057382303	11.4199855803728	2211.17966882453
"26"	0.201	0.000637218295435749	19.7060433561369	300.542091096121	1704.27757100391
"27"	0.214	0.000546077774479453	3.50595855385199	0.0464852125011876	1376.95769255998
"28"	0.209	0.000540668631351859	5.75724687713339	0.254158585763669	1428.75433061033
"29"	0.344	0.000166193989543052	0.001	0.0198167658938604	1028.91918234729
"30"	0.199	0.000550248843549072	27.7794689092894	8.24445581433612	1632.0570306332
"31"	0.229	0.000385209153881855	0.201686405285444	0.00607205941168804	1398.7440634175
"32"	0.339	0.000172199555637939	0.0430503139007293	0.00128886329055775	872.974055037718
"33"	0.33	0.00192951315118616	0.0723391159349564	0.0012258996528091	2252.78546542157
"34"	0.29	0.00191521185532289	1.75247931775319	0.001	2226.64168338283
"35"	0.281	0.0017852207796726	7.1053541484649	0.00503391791496666	2204.75596329715
"36"	0.286	0.00195121845232242	8.76573265924786	0.00652510971739776	2257.32406903236
"37"	0.203	0.000627986940319972	81.1335191795471	0.233355038369567	1718.50100745666
"38"	0.204	0.000603307086249755	60.8926863005453	126.861802243224	1807.8664589434
"39"	0.201	0.000543829840935149	145.187104407511	567.07612558859	1546.48519307252
"40"	0.201	0.000615780183879992	250.086963382173	0.987794084074133	1673.5942130824
"41"	0.229	0.000498584292962154	168.593381122256	31.759345492881	1239.5949644444
"42"	0.199	0.000597725315775874	675.187749180529	503.916953270796	1677.17144277487
"43"	0.276	0.00166384317508374	994.722931804027	0.753730153313524	2173.17308882081
"44"	0.205	0.000628890431943927	0.341265465026058	0.00330793730076184	1813.89105682666
"45"	0.199	0.000566834649165415	0.00310855290674596	0.86008124017874	1598.52710913524
"46"	0.199	0.000553319527908254	1.14083096601816	14.4311947614602	1621.22319320166
"47"	0.199	0.000552011195255266	20.088474170954	3.92830798667265	1608.52620630077
"48"	0.273	0.000749633112686797	134.046656257326	498.034805649931	2243.98896531001
"49"	0.204	0.000616833431244004	834.452914310548	260.414893873961	1801.12672494855
"50"	0.199	0.000593293943999944	0.00757531807423072	19.544955108378	1634.28080936712
"51"	0.199	0.000607176608461505	0.00706654421189397	13.8819689252925	1690.08711353694
"52"	0.199	0.000592664534926929	0.552247114062645	19.6289319151587	1657.60724613262
"53"	0.199	0.000596328218440092	0.186529350359592	981.138683204005	1655.28125246805
"54"	0.2	0.000612750808684522	8.27370139641752	1.38311355403713	1649.80639603868
"55"	0.199	0.000560735818961122	15.6586702302265	847.746771989655	1599.94049442022
"56"	0.199	0.000569321957279697	0.146115276705107	0.0583067148032709	1599.29302740936
"57"	0.199	0.000555590503324678	2.9245895347445	0.319361544246773	1651.2255280031
"58"	0.202	0.000617840491778634	831.044278244606	273.414017536247	1776.43290336904
"59"	0.289	0.00025177058379624	1.53366705337087	0.0234950174208344	1107.20766090124
"60"	0.199	0.000592612399709676	0.0127992037876002	942.708586698476	1682.15051212081
"61"	0.205	0.000629663011524142	0.0203973508048649	0.0834279432724568	1823.3126107253
"62"	0.199	0.00056769274117618	0.123335343449819	3.20372470655305	1610.9070969527
"63"	0.199	0.000576899244229058	0.0688663738755005	12.7677837783889	1626.00429044102
"64"	0.199	0.000602020049437949	0.45897549595834	0.163250782873099	1693.1062107701
"65"	0.199	0.000597429267476781	1.3760530869553	0.242970347602068	1684.66468355595
"66"	0.199	0.000574071045014073	0.249663744475955	8.85957880824831	1628.2578209647
"67"	0.215	0.00064575121867797	0.834050655344665	338.390501390214	1918.60833127338
"68"	0.273	0.00157710757885684	612.433964668726	0.466157530484933	2128.9552806255
"69"	0.2	0.000610781107301388	57.7018782755724	1.43697008293241	1715.18367887855
"70"	0.633	9.42046078550334e-05	599.824082940185	0.00295874953309084	7.72709316555477
"71"	0.199	0.000583791071694545	40.1093412715337	2.85259638530093	1681.54067276688
"72"	0.24	0.000737674009582039	942.460397829925	12.4756876686784	2073.70022386941
"73"	0.202	0.000587900941884663	148.875529193245	20.408991129925	1767.26582269258
"74"	0.231	0.000378456873886806	493.308131094369	494.803606424485	1402.7746421253
"75"	0.199	0.000577719246320986	0.0101110416045974	4.95648597391344	1625.34684734047
"76"	0.936	0.00199777171316292	0.0448144823379035	0.00500603942924305	7174.35976340747
"77"	0.199	0.000577172517174081	0.0236490395679846	9.08297837586163	1699.72995833353
"78"	0.201	0.000617183303941795	0.309296713990077	2.99551452267382	1755.24156574973
"79"	0.199	0.000580442090726915	100.311640994529	0.661917911005208	1649.47235180274
"80"	0.199	0.000574764606284861	0.001	0.0166783172697692	1659.52323251105
"81"	0.199	0.00057803272244404	9.94050651439525	0.818827641664165	1673.03944786437
"82"	0.199	0.0005667314306532	862.029543061065	52.5478551993615	1639.12945619263
"83"	0.199	0.000601353942453347	0.0295546250928777	108.731014104038	1685.75794385128
"84"	0.199	0.000572718602894667	0.010025085703886	0.00128917560055264	1622.4739244592
"85"	0.199	0.000584958914362427	0.0594681003935219	0.027918298614807	1698.51791412026
"86"	0.199	0.000582439318456932	15.8418056586625	0.176324201435251	1696.87122528657
"87"	0.211	0.000539020015521121	356.41865027877	422.017584521272	1404.94752570844
"88"	0.251	0.00114797061356247	214.805648716967	0.180044559060257	1985.01518073146
"89"	0.201	0.000578895272901544	375.512562479969	57.6337286921144	1745.63285954907
"90"	0.199	0.000560137443430722	0.0208940460291349	6.80364609936877	1680.39708393591
"91"	0.199	0.000581239272795882	0.00899294911136386	7.69572240615638	1632.38046027356
"92"	0.936	0.0019900508234967	0.0257061079039108	35.7855255880381	7174.3616574113
"93"	0.202	0.000646775942373204	0.80969548114327	0.0180502115561006	1742.79219190534
"94"	0.206	0.0006435389405909	3.57654463017088	0.00781364462452407	1749.61499709259
"95"	0.2	0.000618278245012642	20.4078923412157	17.0720643643527	1720.11636946698
"96"	0.199	0.000560770326165491	23.2576494794303	24.897718077073	1635.40693801151
"97"	0.236	0.000383426183321356	2.07349644515212	0.0263859299466012	1213.27734571042
"98"	0.222	0.000802590011761272	999.064074040506	1.27282395572953	1853.46053043199
"99"	0.199	0.000590284125527126	461.73318448381	93.9680128584075	1643.76103822783
"100"	0.205	0.000611636015434616	779.394788365344	739.362613291175	1820.70647448477
