"V2"	"V3"	"V4"	"V5"	"V6"
"1"	0.32	0.000551240496436349	0.00138815527343006	0.0208912623653167	1146.1095867275
"2"	0.32	0.000506711740404447	0.0169054528826047	5.26386971292246	1077.37405178297
"3"	0.319	0.000533912929483859	1.51192885523759	2.15624068418244	1113.41509272584
"4"	0.32	0.00057497033763149	0.671825349157594	741.332399628814	1133.37342212266
"5"	0.311	0.00194863648755271	2.97829922073944	0.001	1877.91441448254
"6"	0.32	0.000505365353670281	11.8362216940537	0.183547027698561	1025.83670752994
"7"	0.32	0.000543675771948825	17.2788178939826	486.659340317172	1170.61004590809
"8"	0.324	0.000594952907451591	224.889963552716	310.506246307872	1301.77179919361
"9"	0.283	0.000825514393736033	82.3868099868662	0.0361706628286638	1318.79977885892
"10"	0.32	0.000542920426935	147.958929991063	74.157516766693	1158.92718094093
"11"	0.319	0.000530976704367088	116.233595455829	833.184329075428	1090.98997196652
"12"	0.306	0.00173767314093447	485.925993800421	0.186066758061602	1775.14577842471
"13"	0.332	0.000619481533781596	404.217801181451	870.134119349967	1432.24953924536
"14"	0.326	0.000458802817387345	0.341704449858383	173.694381688203	871.414436940784
"15"	0.283	0.000794433538657508	197.919302567874	0.0895742058425069	1307.43182111034
"16"	0.326	0.000409999079444471	0.001	1000	1026.69937941866
"17"	0.325	0.000487316787256949	486.327739756249	10.370657864475	892.234611655643
"18"	0.323	0.000440319549593052	334.992592958642	16.3341582213751	998.104711215245
"19"	0.535	0.000698704009992689	703.977740738725	0.00258286744222186	2116.89764652438
"20"	0.292	0.000583883462583212	998.955486504593	0.52241583177398	1057.95580024687
"21"	0.29	0.00110099170349805	898.465832687547	0.393033858198559	1410.36246909934
"22"	0.283	0.000808098412420099	2.05905709108214	0.001	1265.59405327548
"23"	0.325	0.000455341016240175	1.58109673708567	0.660187248974948	895.463357986336
"24"	0.333	0.000766634745366906	659.024860193696	991.167504757548	1323.49027671223
"25"	0.434	0.00193430190704297	74.0447836192759	14.5613020843277	1699.90759621914
"26"	0.32	0.000567187159023784	17.0206705471616	33.2409381638936	1118.8737253656
"27"	0.552	0.00197725624571638	994.775010107261	0.009314876758797	3118.92010897635
"28"	0.284	0.000711674201861648	956.550735134792	0.452982939428446	1211.92975823138
"29"	0.294	0.000571192225911646	34.0797735504901	0.0177559483614047	1010.22863601218
"30"	0.319	0.000537590219037053	274.37873214772	1.78292040291558	1124.62904385744
"31"	0.54	0.00104480470174776	915.690426300989	0.00632207588855197	2341.99195604304
"32"	0.395	0.000185437044662957	0.149176220513994	0.00728011700516594	588.135686351491
"33"	0.333	0.000762902095796703	0.0725115192757568	0.0321510157248033	1352.06033551276
"34"	0.329	0.000714476447833086	124.717557012808	914.990213350384	1252.49398839768
"35"	0.477	0.00199871867929997	651.400658424976	0.153442614385137	3054.45273946971
"36"	0.331	0.000745552576158577	8.86804352195257	3.46040824049847	1280.61452526435
"37"	0.283	0.000803941576892052	38.7666116857967	0.0184709451819091	1242.80392283606
"38"	0.337	0.000804722945805149	57.8086150362987	94.2570801888948	1391.91663621067
"39"	0.32	0.000487191592239542	273.244107137474	856.999129613204	1107.15002141764
"40"	0.308	0.00199059621302158	855.993562763609	0.326199528963385	1847.19169921356
"41"	0.32	0.000495781024989403	163.083607978202	18.7806583582846	1045.17725834482
"42"	0.328	0.000609078813333433	691.001808512624	106.61890702552	1365.54302405002
"43"	0.305	0.00168043763565811	946.967863911455	0.388021699214127	1782.55306886864
"44"	0.319	0.00052396819262441	0.089489731957414	0.00851969785691369	1094.48785063143
"45"	0.321	0.000472493782018479	0.0461267278762457	0.248440568895626	1010.97155145047
"46"	0.321	0.000580980103151384	1.16984280149184	3.83401130819836	1196.75103679422
"47"	0.321	0.000462847672719137	21.4838897840008	2.32891240126352	1028.20019489705
"48"	0.32	0.000506415980665598	34.7928899457723	473.071859306937	1022.94777812466
"49"	0.326	0.000632459266596524	846.138203559769	106.148908029172	1333.37387925822
"50"	0.32	0.000578819282899831	0.0145879759213684	408.277321884253	1167.24279684834
"51"	0.32	0.00056612587507532	0.00532051650866551	3.50944637239415	1172.69619595659
"52"	0.32	0.000492601633362275	0.316895751604896	19.1288790528534	1110.32688617663
"53"	0.32	0.000561531119870803	0.25885004011775	740.042552686278	1123.72092445549
"54"	0.306	0.00177379659177804	2.65032427027589	0.001	1837.35197244298
"55"	0.32	0.000548023377036396	17.1852516174771	922.120768023091	1141.92638718017
"56"	0.283	0.000856735610095802	219.379444171017	0.0970820622045018	1269.52253180681
"57"	0.284	0.00070850408509456	761.374771909179	0.366063210525075	1154.46318935981
"58"	0.32	0.000569263741271978	809.109398766685	269.503015766696	1169.68559798946
"59"	0.294	0.000642016220553108	814.891634118943	0.397142842935593	921.981653295183
"60"	0.323	0.000585583173977287	0.0138781970059386	491.49886504609	1279.06191720641
"61"	0.323	0.000630380663586386	0.0178652437366346	0.544187620547772	1238.23266262643
"62"	0.32	0.000562616345597735	0.00127577489319404	1.94775161833571	1173.04658580078
"63"	0.32	0.000565677359023733	0.0107629622054055	3.4426041458354	1134.28234062311
"64"	0.324	0.000761877941495831	0.547679380148088	0.00100434997078157	1268.1974121727
"65"	0.33	0.00196235528041846	1.69299747810058	0.001	1790.92355061164
"66"	0.32	0.000509936592954144	0.68557867238065	4.60987310356948	1047.02168897541
"67"	0.307	0.00188388411869508	2.52174261351847	0.001	1829.3501915163
"68"	0.307	0.00191104252098261	994.941469565498	0.386234818051201	1858.23155136772
"69"	0.283	0.000784849429581719	79.3189647141247	0.0374444109831533	1286.58861579377
"70"	0.553	0.00199091121077552	781.359887393816	0.00363889762791606	3144.44274238583
"71"	0.319	0.000518599020813861	375.861369715622	2.388169741859	1054.56720115156
"72"	0.356	0.00076498138684578	1000	30.1828084380872	1694.08737458289
"73"	0.283	0.00077811139725397	911.113902672747	0.384749770624361	1231.91870709094
"74"	0.319	0.000536023388331911	58.9509358799365	601.44487801563	1106.02535767187
"75"	0.32	0.000567392541742784	0.0121413311227227	61.5648890721698	1118.15492154374
"76"	1.013	0.000824805377856383	0.0297972703322165	0.00199762026879464	7143.58442964145
"77"	0.322	0.000612028411392145	0.0227477634161382	5.72254481520299	1229.37498443361
"78"	0.317	0.00072116086646266	0.710999848702621	0.001	1292.84186030289
"79"	0.304	0.00162098906833246	998.926461912697	0.388576261367979	1801.53274179596
"80"	0.283	0.000841221642390431	136.726130470795	0.0583584625142181	1262.78870380952
"81"	0.295	0.000599561217279964	244.418654069003	0.114147326944873	915.380172270805
"82"	0.32	0.000558672002875218	933.760495101419	63.0643522355484	1122.83538995544
"83"	0.323	0.000629146223944326	0.0325330324233392	125.98417337541	1167.49077845284
"84"	0.32	0.000560091429962645	0.0106081987807298	0.00122387753270549	1158.49406458268
"85"	0.32	0.000505641283668831	0.0399358283791586	0.0168365421097074	1026.4109296937
"86"	0.29	0.00109616857232888	253.438414011002	0.111353268279425	1539.23933661765
"87"	0.319	0.000519648632491346	355.854387159818	269.167648711423	1105.42838147619
"88"	0.305	0.00166161435972026	278.951117877378	0.104120385928297	1800.47260981142
"89"	0.32	0.00053648424659686	436.630775847037	57.4539945738833	1179.95300793341
"90"	0.32	0.000512409100362045	0.00167225276453464	6.51369385534381	1073.42942173675
"91"	0.32	0.000576643113912123	0.00813322295740868	4.95746756972567	1154.46289378257
"92"	1.011	0.00199279057438159	0.0218891374796903	4.13068439601753	7149.38115805506
"93"	0.297	0.000724053104075422	1.29417806129985	0.001	1223.48478348829
"94"	0.283	0.00074465791193957	15.4475781222426	0.00751130656672	1191.90334378071
"95"	0.33	0.000662446385975912	20.1319133243041	2.9117572815009	1403.47528175544
"96"	0.32	0.000571958391263419	18.1597354576868	7.80339734074706	1140.62588660108
"97"	0.284	0.000715116640504475	381.240682847554	0.184214181350574	1143.01744698204
"98"	0.305	0.00153766714224374	997.291499640569	0.463729148946038	1757.23726264233
"99"	0.319	0.000531365308256069	492.066902163214	122.526706889839	1090.89015035673
"100"	0.324	0.000550659309452813	797.004427499198	756.969965403254	1289.50091885453
