"V2"	"V3"	"V4"	"V5"	"V6"
"1"	0.289	0.000269935053722815	0.0024599515822713	0.106566111068208	2386.33111591499
"2"	0.289	0.000264193155013001	0.0159427525941343	33.2213037053361	2401.55747467819
"3"	0.322	0.0012906117317945	4.04063904947823	0.001	3683.03250271324
"4"	0.289	0.000266220179669469	0.311704464348691	800.311032584345	2330.92321281452
"5"	0.284	0.000503122155612287	3.80419227949897	0.00117206873259512	2517.99379005278
"6"	0.289	0.000259765567835421	0.184352135778471	0.404742374771089	2356.95603418092
"7"	0.289	0.000263403791081127	61.5592111980784	942.055444569003	2403.33516955208
"8"	0.282	0.000820494333075062	4.07208437654382	0.001	2981.0081462542
"9"	0.289	0.000258798785343766	48.1767597827168	3.78969915777484	2304.05720058828
"10"	0.292	0.000287772470653856	83.0679718311136	45.6331682750295	2522.7398054571
"11"	0.29	0.000248944170257186	92.7583841913553	958.006547021797	2212.83310032926
"12"	0.278	0.000702524498803012	355.992019722798	0.0942521123204518	2885.47990346621
"13"	0.289	0.000267357811454006	265.369928296681	861.490131436255	2383.48783046694
"14"	0.323	0.0017853037488095	4.36335737681011	0.001	3776.31183383682
"15"	0.324	0.00187591072235423	322.714172969428	0.0707767894629134	3848.31563502105
"16"	0.412	0.000127352537919705	896.871734080295	0.001	168.399693130179
"17"	0.298	0.000313558457130111	554.192710635066	1.44036910736275	2455.47332803153
"18"	0.293	0.000213068238389834	327.750715405622	12.2491683048528	2209.31563013831
"19"	0.295	0.000203285514410964	0.0234327918600069	0.00613025276405099	2276.53493626366
"20"	0.29	0.0002341017621553	80.3265405938835	1.25206771843407	2251.93659349797
"21"	0.291	0.000288686860948517	967.138362737228	85.6577989505768	2379.49525253011
"22"	0.289	0.000271332726730935	0.39800972381969	82.5332966445281	2363.62052986836
"23"	0.323	0.00152252331766213	4.48044831354846	0.001	3764.83564472911
"24"	0.291	0.000229693294927631	0.0583597906897167	412.333585905843	2199.53806232479
"25"	0.298	0.000334290497789523	10.4705929986327	4.6349021271732	2514.11911971527
"26"	0.292	0.000218043724326129	7.01287263129239	235.988796640383	2277.94324127962
"27"	0.29	0.000237068787414987	0.043232468268502	0.00113394843332852	2355.53602584965
"28"	0.29	0.000237490935033723	0.110639361545125	0.00220037498321142	2336.71759948798
"29"	0.421	0.00197171814145732	671.152652785799	0.00187706070839383	3403.49381365626
"30"	0.289	0.000251444004909803	286.08231135047	10.3892973414385	2264.43129028218
"31"	0.307	0.000161161841672778	0.0265334439187431	0.00249037671018943	2122.93821201665
"32"	0.3	0.000182769055555413	0.0229883161483356	0.0185467754604563	2134.54230673265
"33"	0.29	0.000275416186078862	0.0165216381209983	0.00978097176745522	2473.43664137609
"34"	0.325	0.0019944599534571	4.28303120465887	0.001	3805.44237910855
"35"	0.324	0.0019188059562797	15.9171631246023	0.00345780170293936	3770.7652844141
"36"	0.292	0.00029859711653448	1.57175363539729	0.605287515457166	2454.13432835526
"37"	0.278	0.000674511306873782	288.609700758014	0.0763391436826682	2859.29382611011
"38"	0.278	0.000630931572527075	3.8054292660771	0.001	2801.50022490015
"39"	0.337	0.00197206662223362	852.906014155687	0.178819887381684	3385.87188174812
"40"	0.318	0.0015263318581923	381.839299544612	0.0831999145261397	3156.26325583465
"41"	0.289	0.000251963529179945	18.2393266632932	33.7943868845571	2348.40222544794
"42"	0.305	0.000319750520096191	82.0321630793115	769.274014314026	2778.53597385784
"43"	0.279	0.000585215102633316	991.411196215902	0.291444713801445	2676.97150547601
"44"	0.29	0.000275288467087601	0.370096381757939	0.00266590057734613	2429.24058984983
"45"	0.289	0.000256854574737172	0.00150324434560608	1.97523305617282	2252.24895516622
"46"	0.289	0.000242111411071723	0.684404379727452	5.14880996476702	2312.65420235366
"47"	0.289	0.000254052889164896	1.96142378253849	6.67259746927471	2370.04731886242
"48"	0.31	0.00129827193545938	4.31308902904418	0.001	3202.17685253011
"49"	0.289	0.000252140653957848	323.332224253238	985.666544272781	2277.61486132857
"50"	0.289	0.000257828354742835	0.00452254977271834	128.323433374388	2356.73142654411
"51"	0.289	0.000255644079191839	0.00540802447622235	61.1201368917677	2351.37149084858
"52"	0.29	0.000268927372261599	0.582373101336066	39.7056560614221	2448.46446872075
"53"	0.289	0.000257875113974403	0.097220394612062	870.881523525675	2350.99794066705
"54"	0.293	0.00102611986010989	4.01851229778223	0.001	3073.71223320527
"55"	0.289	0.000261069644528678	8.95547173609804	870.677745527202	2297.51370117887
"56"	0.29	0.000237079014682468	0.603346687220494	0.145876952275624	2220.59475892914
"57"	0.324	0.00196705152746838	802.023529786143	0.173960048290805	3840.39923009432
"58"	0.289	0.000266160073681163	238.316977956792	33.0475465089805	2419.12903848356
"59"	0.313	0.00139018704830431	439.216096153169	0.10100947017023	3152.43672430453
"60"	0.289	0.000268013714079271	0.00669155792566092	75.537144323719	2403.7715827006
"61"	0.289	0.000263283800335461	0.0285437516006786	0.062210503224277	2423.29753875712
"62"	0.289	0.000263189752168519	0.0790852379650728	2.14689383745916	2406.38297930242
"63"	0.29	0.000276268001100366	0.0173880185039402	0.997004903502643	2394.74533718774
"64"	0.301	0.000306300891980716	0.27120017887806	0.0282080090811734	2723.46783251524
"65"	0.289	0.000258417164455913	0.635648794716673	0.0870806152522067	2386.69536843206
"66"	0.289	0.000253995101430696	1.64481558698733	21.0725492413401	2323.76067165426
"67"	0.294	0.00031080648013493	3.07204616954284	9.2989564939715	2471.11240647646
"68"	0.289	0.000259709394714785	55.096834440236	0.62626304825636	2378.82209896698
"69"	0.289	0.000254925837206196	55.6173660232936	3.11756033067141	2312.29173979063
"70"	0.421	0.00197109657371792	619.597929184083	0.00225235311734079	3401.31457210262
"71"	0.289	0.000253885595681474	700.957799885211	7.50085963663379	2274.87667857728
"72"	0.297	0.000327686120172439	289.741444221621	8.96424228770379	2473.02184335776
"73"	0.28	0.000741437533747907	987.547775115531	0.275274606394007	2951.79747663686
"74"	0.289	0.000256865267248367	543.924712222926	334.341592215587	2362.02435701777
"75"	0.289	0.000265105847552014	0.0053742497410155	0.31806417536115	2388.1772717
"76"	0.324	0.002	4.67581864451834	0.001	3819.72532923648
"77"	0.29	0.000243831086029148	0.0321786775790448	10.8530610526701	2251.3589894828
"78"	0.289	0.000259565818804398	0.184606487058491	0.704276632082597	2312.37841730736
"79"	0.293	0.000264428458529707	413.939728626242	1.22706233795573	2340.42999562062
"80"	0.278	0.000699369016678445	41.3194887330222	0.0113526452072099	2835.70580382324
"81"	0.289	0.000272096643194137	0.0612224537027781	0.473365694331356	2369.21166764338
"82"	0.289	0.000269244050801495	680.518851192632	51.0786274109546	2340.97699991133
"83"	0.289	0.000244821593735332	0.0216710482744629	0.001	2300.82759767783
"84"	0.289	0.000263852824088588	0.00829130185657978	0.00314075326914003	2380.90439045771
"85"	0.289	0.00026143364076058	0.0522399655232121	0.0876058153358386	2429.41469862065
"86"	0.289	0.000258313025100224	14.0033922922527	0.175414664752325	2361.54525917323
"87"	0.289	0.000252378130920191	475.778593493894	511.749982866242	2268.35024284962
"88"	0.289	0.000254059456210614	1.65451723325849	0.367763662780976	2301.59700998342
"89"	0.291	0.000282507019864664	442.154886227863	217.860374485518	2491.72771803665
"90"	0.291	0.000242175682391704	0.00387996771409059	8.98816756160473	2170.87694140726
"91"	0.289	0.000259758300815752	0.0101225323959223	1.94018060460023	2393.9691233718
"92"	0.872	0.00198803014343171	0.0257690072254711	6.86411138544825	7125.89541258219
"93"	0.291	0.000281509668950081	1.4154319903593	0.0107875336108535	2443.23651482862
"94"	0.323	0.00169272037553539	35.1208152778087	0.00821330342596894	3764.33497696349
"95"	0.289	0.000247683613754809	23.3735319192827	82.1843616601561	2304.05714292079
"96"	0.279	0.000574075117533872	3.31912459459848	0.001	2721.85398051234
"97"	0.289	0.000246003142680483	0.595303024806074	0.104587761273261	2325.82464296595
"98"	0.289	0.000843013510454722	931.885141652912	0.222085136909159	3150.25140747428
"99"	0.289	0.000251829422238993	360.399167179271	206.46185592605	2392.11583566608
"100"	0.294	0.000290576798402783	580.067854273002	980.412120693567	2574.32572871401
