"V2"	"V3"	"V4"	"V5"	"V6"
"1"	0.283	0.000235973371624277	0.001	0.154820977123587	1546.58067866591
"2"	0.283	0.000260099466080013	0.0059330579627883	43.2658715061715	1594.36993100039
"3"	0.157	0.00105014587512439	5.59367585594989	0.001	2354.91440794038
"4"	0.284	0.000231982210733635	0.383142392101151	988.817931341061	1434.15063938797
"5"	0.146	0.000889635409004774	5.54381188010012	0.001	2277.97136913301
"6"	0.292	0.000201140882311371	1.28450961350042	0.222082980060849	1199.26502086129
"7"	0.209	0.00198390840693148	57.3729182923872	0.00836496544232919	3176.85563103892
"8"	0.206	0.00199211123761533	126.453851148044	0.0187071875145082	3161.51640634221
"9"	0.283	0.000238438801447429	61.6499255810774	2.06462762694073	1502.53115560582
"10"	0.207	0.000389519413128434	5.30122626712295	0.001	1192.17951055616
"11"	0.284	0.000244429333071235	77.5915643335491	985.449211369948	1441.74031953919
"12"	0.187	0.00172855406636798	615.982823752507	0.100317481922002	2922.60435462503
"13"	0.283	0.000252147571590407	291.10894371954	976.202953498763	1630.22370390527
"14"	0.283	0.000256456472226264	0.395618611946162	300.023799804997	1637.0493829562
"15"	0.188	0.00192129506562838	325.086857371239	0.0505485132121824	2961.01855774251
"16"	0.283	0.00022068884043889	456.53300750311	0.001	575.998912345626
"17"	0.156	0.000548079452394197	997.473504336629	0.187601530036078	1942.53206096183
"18"	0.286	0.000207870371003946	98.9104891599464	6.46144748037687	1436.51138738322
"19"	0.317	0.000116787470175148	0.0114995312936293	0.00144716045640326	1248.2973091857
"20"	0.285	0.000218881567602625	63.6264040403685	0.975996570406697	1413.12082100114
"21"	0.218	0.000323395043695723	983.169551444735	0.193998136641809	1362.68393389455
"22"	0.283	0.000255187929751034	0.376384169114292	9.77512365364577	1602.73291560876
"23"	0.152	0.000576805331803563	5.0453691098075	0.001	1937.27765913527
"24"	0.273	0.00199776003094183	83.6941862008241	0.001	3177.66426972483
"25"	0.168	0.00048396816094038	5.02995858112938	0.001	1834.41415161203
"26"	0.283	0.00025893565232384	8.25170146858834	217.825561841921	1552.21175473952
"27"	0.191	0.002	536.391266792019	0.077199322212813	2983.42626827093
"28"	0.188	0.00191794984759392	980.13525819455	0.156241872676192	2964.75768015092
"29"	0.19	0.00191575242265189	603.042197169063	0.0910803781813498	3021.5546108157
"30"	0.283	0.000237680852632757	90.8569553552976	3.11535439412234	1544.08549104057
"31"	0.291	0.000184185819408555	0.125638608583366	0.00207706287865414	1353.11705083879
"32"	0.301	0.000152607900164625	1.24682358190161	0.0288430878558347	1231.55676196229
"33"	0.283	0.000254269121567913	0.0131494167394198	0.0010404579823977	1598.55143959192
"34"	0.2	0.00199197327615564	8.04094921373291	0.001	3020.48814642183
"35"	0.285	0.000251339719366727	2.73345301844463	0.0137485098318387	1622.79925542809
"36"	0.171	0.000473000050260185	4.89580729576636	0.001	1708.239833955
"37"	0.188	0.00196710581377832	318.303858347065	0.0508956352237044	2991.34588009911
"38"	0.185	0.000416550299391033	5.38457232397757	0.001	1564.02007907639
"39"	0.274	0.0019149041591035	950.049339649737	0.001	3177.46589411488
"40"	0.188	0.00198301464068891	999.430377066301	0.162904610746697	2991.95815009903
"41"	0.287	0.000203600777931703	93.5652147698097	22.4919979893515	1367.01105687758
"42"	0.283	0.000254328319055075	152.174732374672	869.544104746008	1622.96531852335
"43"	0.169	0.000506097144070942	5.13688584117856	0.001	2007.07259667839
"44"	0.283	0.000255977097495454	0.18664630329216	0.00855775235895844	1593.69619216054
"45"	0.283	0.000239560367959791	0.0116790422712279	0.91087385293132	1543.72799637739
"46"	0.283	0.000243868590064067	0.606272494457922	14.3538601425483	1596.36782963026
"47"	0.283	0.000241688988583691	8.15617827671834	3.12687029981907	1471.86399223572
"48"	0.145	0.000872730982871762	5.41503452495938	0.001	2224.10626146042
"49"	0.285	0.000247898776917792	406.110659962442	864.996775510919	1688.47067402754
"50"	0.283	0.000250975203788128	0.00375007538009846	42.4116986710141	1593.91901009362
"51"	0.283	0.000254561180376886	0.00502322089805915	9.57208152650096	1592.07536700063
"52"	0.283	0.000244634097981473	0.326224973059863	19.554528324307	1588.58694528848
"53"	0.283	0.000253951873293237	0.0752578144696314	958.110306177674	1597.66593644387
"54"	0.143	0.000687327222090529	5.40309102950896	0.001	2081.31649810819
"55"	0.283	0.000248073935975301	10.4272146746559	743.569949014105	1494.31952061593
"56"	0.283	0.000248145062770094	2.39179533700303	0.102605330111631	1525.56945342345
"57"	0.165	0.00115491658911111	838.70158901318	0.14822623715283	2367.45762054231
"58"	0.225	0.000306272431583957	210.616527213167	0.0352080625831402	1311.11464686197
"59"	0.189	0.00199673991626978	810.850201539811	0.126202314008786	2999.04888709408
"60"	0.283	0.000241281155626963	0.00895622297150455	50.3699214288629	1476.77562797461
"61"	0.283	0.00024467164878761	0.0324377425940528	0.0283399490955045	1520.64469855989
"62"	0.283	0.000236542796873155	0.0121568849467292	3.08750753179181	1499.8826760949
"63"	0.283	0.000247373407835296	0.0201325600414533	15.2043493074098	1602.93796079652
"64"	0.283	0.000242029990187297	0.0410523250282959	0.0184210008952259	1477.82955019164
"65"	0.283	0.000252102569666081	0.608088850958043	0.0153582406770408	1534.39724467718
"66"	0.283	0.000243732872104487	0.700767131637342	15.279806572667	1572.83309954829
"67"	0.151	0.000582836086389302	5.36344593887716	0.001	1980.57093448177
"68"	0.284	0.000258097361786059	57.8168424591434	0.36678901147981	1632.75191731497
"69"	0.283	0.00025569559541088	62.8919401942272	1.0198398237496	1537.32559738257
"70"	0.274	0.00190118691086573	913.391769960425	0.0029835745904731	3143.78797376261
"71"	0.284	0.000238717614378084	415.699214777438	4.7286191637239	1445.48531002682
"72"	0.246	0.000419697806070681	282.90652407966	0.001	1670.84028739462
"73"	0.283	0.000238869947345729	542.777592155831	16.3168027112744	1473.08179444782
"74"	0.284	0.000250987988255825	483.233231233532	548.818484669465	1456.14472679378
"75"	0.284	0.000253307889414444	0.00398949757328473	53.4754057506892	1676.91159274024
"76"	0.297	0.00029867919921875	0.260800678630485	0.034201048193954	1709.38269536842
"77"	0.283	0.000249965528258478	0.0330957554189254	5.16079144340361	1577.00452491018
"78"	0.283	0.000238623085092266	0.0623205932185052	3.17140768403817	1478.0651681974
"79"	0.283	0.00024613176580004	84.6285017049901	1.3443809863683	1551.52721364352
"80"	0.273	0.00176830124266448	773.228419316692	0.00612746042488614	3095.04144687047
"81"	0.206	0.000350999346884363	748.915072591435	0.134124080269525	1429.32438201983
"82"	0.284	0.000247360794300714	760.728617893745	31.2292444892646	1471.29934552297
"83"	0.283	0.000243388952339656	0.007470165204393	364.792001724143	1496.40071486177
"84"	0.283	0.00024779326961079	0.00960934372362589	0.00342193204547572	1621.71117637733
"85"	0.283	0.000238924188350708	0.0538204156629426	0.0255790155166666	1572.59269244266
"86"	0.284	0.000231503221773116	22.5937375245843	0.198912699474572	1508.82072746513
"87"	0.186	0.000412970647497355	381.928879777541	0.073183828028812	1532.98396794685
"88"	0.144	0.000666078978528701	542.452558019561	0.100637193577712	2030.87704228334
"89"	0.244	0.00048284930440273	133.298030334815	0.001	1722.19565601241
"90"	0.298	0.000196034820162292	0.0180069510044315	3.87196109158118	1087.51397082599
"91"	0.284	0.000255061700882083	0.00817007143258898	0.658057628648196	1675.57644808243
"92"	0.954	0.00198877720295322	0.025745752907342	5.67864426669901	7127.70647740134
"93"	0.283	0.000243368479231783	1.4196726696933	0.0962337000855558	1510.6769139723
"94"	0.188	0.00189853241340444	66.1494129542298	0.0105278273790116	2952.86938935801
"95"	0.283	0.00023729222470785	22.3870983368576	8.67213767140095	1549.64668218595
"96"	0.165	0.000553191257664336	4.94053033911387	0.001	1693.46689288904
"97"	0.166	0.000501928463448613	131.370492943296	0.0238364928634825	1763.23871249044
"98"	0.151	0.00096849344329469	949.618253584763	0.172184309842172	2305.34796248805
"99"	0.283	0.00025061956545176	399.169562825792	135.478041421668	1596.38715198357
"100"	0.288	0.000253964782897386	573.953729939058	983.521030433276	1762.36920716628
