"V2"	"V3"	"V4"	"V5"	"V6"
"1"	0.482	0.000113391520416115	0.00178488864144582	0.00661554610429862	1.10283729914941
"2"	0.482	0.000114463368302218	0.0046862964852909	31.6569951712287	0
"3"	0.47	0.000226124675507762	3.4123048458058	0.001	0.290074007322251
"4"	0.482	0.000116877910568879	0.366736325683706	966.855029911436	0
"5"	0.47	0.000239982230317506	3.07970587520592	0.001	0
"6"	0.482	0.000109015092975814	1.6854983675918	0.0167297456146482	0.00341380023634712
"7"	0.523	0.000458226607872742	4.07391564475423	0.001	1423.37241315158
"8"	0.506	0.00030595724552712	3.49408850788325	0.001	1036.81913697684
"9"	0.482	0.000116679835021496	9.05095088757193	0.18968189003259	0
"10"	0.471	0.000253103671160574	3.05157700105632	0.001	0
"11"	0.483	0.000114882539440445	35.9930575283442	75.9710403066886	8.33730557723992
"12"	0.47	0.000216913234369448	403.268596362233	0.143157964672081	4.16915590005213
"13"	0.482	0.000115037039946195	162.003705241865	941.050158130071	0
"14"	0.47	0.000210666080969223	3.63930016051941	0.001	0
"15"	0.614	0.00160280271817927	255.316520770868	0.0555266963481639	2960.84501855568
"16"	0.482	0.000114964900960334	896.325962242051	410.4054157341	0.718745891430995
"17"	0.475	0.000284167126013342	623.167728888399	0.190354473252554	0.650544519176115
"18"	0.472	0.000173408958145756	531.998314407557	0.168170012410755	0.907605750867949
"19"	0.483	9.4203109759008e-05	0.0148902339362021	0.00191990610272831	0.194136643189246
"20"	0.483	0.0001284714990094	51.3179096832638	0.186667752937023	6.10832061624036
"21"	0.482	0.000112778350470062	786.627208042643	56.2753356717898	0
"22"	0.483	0.000120331602946361	0.349841247868523	0.727328018857267	3.53598122986932
"23"	0.513	0.000379766184181426	3.48349124042795	0.001	1121.69726681019
"24"	0.471	0.000192925680844113	3.44754253185199	0.00110873962978955	1.71595898174146
"25"	0.47	0.000234350952388586	3.46487442358117	0.001	0
"26"	0.47	0.000214657050100058	2.77285096817005	0.001	0.546718074457526
"27"	0.483	0.000128574423663999	7.63650797434919	0.0133608071430209	5.35224254385015
"28"	0.483	0.000115170411505129	32.5778365652931	0.0708282141839124	5.19957838603055
"29"	0.47	0.000198934918037544	15.3258275477672	0.00464824094065415	0
"30"	0.471	0.000191891641215528	331.381957179167	0.114671210591686	1.76961263359037
"31"	0.482	0.000114374232585126	0.0850216208552112	0.00104539349466742	0.648589793733913
"32"	0.477	0.000146608549431008	18.8939084055958	0.00561119776892138	1.92692757319432
"33"	0.482	0.000112124833860686	0.0109977568828334	0.0132930828832486	0
"34"	0.482	0.000114576863652543	0.624528911172166	331.893819765829	0
"35"	0.618	0.0018784597341609	16.3399659080912	0.00322926028736842	2982.28907049411
"36"	0.471	0.000196876596276893	2.56831764177288	0.001	4.82704741751115
"37"	0.621	0.00143942250440384	29.3836161163554	0.0068567259304923	3883.92667232357
"38"	0.47	0.000207347692786802	3.10258793251321	0.001	0
"39"	0.596	0.0011031378432754	353.253191064805	0.0721294157324815	2421.11929046563
"40"	0.601	0.00120338233996353	342.285170803666	0.0694075326579506	3023.80415179936
"41"	0.482	0.000116774803850205	60.4860121265741	8.3595390625	0
"42"	0.535	0.000161624943067138	253.906990040159	462.444794422331	1813.84465370793
"43"	0.47	0.000219456835103043	1000	0.327054855222749	0
"44"	0.577	0.000220362889662682	0.234892231155329	0.0442055277244174	2871.38310359509
"45"	0.482	0.000106027557411601	0.0373937327158494	0.102153603735921	0.09684731116847
"46"	0.483	0.000147098573138716	0.802063134093392	0.001	2.50669753439223
"47"	0.482	0.000108039294509154	14.162002697241	0.179424597541688	0.109701439968554
"48"	0.583	0.000371765639977516	84.4499048741851	0.001	2386.55069496211
"49"	0.482	0.000115977991712603	281.820289098672	874.380253955148	0
"50"	0.482	0.000113631737070754	0.00553791657420227	4.8510661384025	0.333305536264501
"51"	0.482	0.000113394328487307	0.00493932686261273	10.6216046256608	0.347421141442213
"52"	0.482	0.000107933262089434	0.75243409978798	10.1722420416856	0
"53"	0.482	0.000113629153882634	0.123245026447563	991.145920918506	0.333295369278848
"54"	0.528	0.000387210836046602	2.73941950264756	0.001	1927.20423267421
"55"	0.482	0.000115416991996876	12.891734331184	957.413412502511	0
"56"	0.473	0.000171559722343565	47.7006934662608	0.016527463157059	1.9433677265545
"57"	0.534	0.000375978432843911	331.735910705409	0.0894128263933265	2177.46605768551
"58"	0.486	0.000303342932905782	3.64703721874817	0.001	182.620246523216
"59"	0.568	0.000879767014225506	281.637540817211	0.0609758737646504	2026.35148558574
"60"	0.482	0.000106767348901338	0.0102310451325457	7.47250794733391	0.431558269854336
"61"	0.482	0.000109349135817156	0.0202496846088441	0.279030097447982	0
"62"	0.482	0.000112059554378475	0.00122394389147215	0.141456586024091	1.18125425986614
"63"	0.561	0.000249097091969287	0.0294041299049507	2.00233197987926	2495.07525142985
"64"	0.483	9.71156806889804e-05	0.36862048614033	0.24557489256363	6.80050729372342
"65"	0.482	0.000109444262339942	1.12879970670831	0.0286522087361644	0.481971792083045
"66"	0.482	0.000110132590986883	0.853612945062736	0.21436658835585	0.396559335034105
"67"	0.47	0.00022541912206669	3.00896862335379	0.001	0.405636211474853
"68"	0.47	0.000230382256912594	105.849029885186	0.0351671922335939	3.82386729528189
"69"	0.483	0.000126049933485434	111.888779510126	0.318470099491386	0
"70"	0.505	0.000141512462011591	628.842329919162	0.00218966087185347	0
"71"	0.483	0.000116817666050225	491.564698525068	1.15366163764023	0.92452709893328
"72"	0.539	0.000183433524488792	263.123725920911	4.03796177284481	1931.04649041853
"73"	0.535	0.000515199903372476	965.05679851565	0.251178161925765	2093.37113103604
"74"	0.482	0.000107347979423157	376.491664892581	994.543152216129	0.00483508553500201
"75"	0.482	0.00011618889795141	0.0038202188811107	3.75043180424369	0
"76"	0.502	0.0002012744140625	1.39418078193501	0.190243944774996	0
"77"	0.482	0.00010943911145937	0.0375708669117862	1.91922567898426	0.280053651716172
"78"	0.482	0.000111111257003324	0.135989176454949	2.32272882281985	0
"79"	0.47	0.000219188935936944	515.197171857806	0.153650429216001	3.4755997874977
"80"	0.471	0.000190695650580324	54.2858532713956	0.0204630272193701	0
"81"	0.47	0.000223725034043659	500.006103178779	0.157414114306271	1.31998611792884
"82"	0.482	0.000115961455388946	750.888136981823	21.9295637906265	0
"83"	0.512	0.000223827990442781	0.0105444783694844	375.000625	0
"84"	0.482	0.000110993691533002	0.0085734905229183	0.00167916938917782	0.257461446591868
"85"	0.482	0.000111091783700459	0.0468703236410813	0.00131222850255563	1.00596692521993
"86"	0.47	0.000209437011808035	39.0000477055033	0.0145770819635926	0.21367194058722
"87"	0.482	0.00010869245023145	454.796306885301	101.935687240869	0
"88"	0.47	0.000229912488298546	478.207961555495	0.145678927962095	2.93723307694273
"89"	0.529	0.000160385610687081	593.994478905297	75.3058016901324	1585.92951055616
"90"	0.482	0.000108120671349879	0.0115518258920715	0.101564304447234	0.119783591321216
"91"	0.482	0.000115547000124179	0.0100656185943844	10.8394844741166	0.535038814364532
"92"	0.859	0.00199960836263876	0.0257736057579314	6.23305097746009	7124.66810027292
"93"	0.482	0.0001123074986555	1.65747551894428	0.0360183029769388	0.308939641614113
"94"	0.47	0.000220430975147469	14.2985395909547	0.00442636974599075	17.787320221193
"95"	0.482	0.000113679357604549	26.939470622452	4.59605171632463	0.358205621714295
"96"	0.482	0.000114789933742773	0.001	0.761617667068344	0
"97"	0.482	0.000108580462744793	0.113054854222522	0.00768390271531368	0.82019191306302
"98"	0.511	0.000248886549272479	928.889458698372	0.26981754008004	1300.56971036261
"99"	0.482	0.000113783560176514	539.709094219735	43.4218191294456	0.620378723891227
"100"	0.482	0.000109901217269163	511.45159839367	990.269162937851	0
