"V2"	"V3"	"V4"	"V5"	"V6"
"1"	0.284	0.000277692907077631	0.00224260612739687	0.00295455608249451	319.035217533692
"2"	0.284	0.00025965739033156	0.00269237803245401	3.64143161997942	226.03134301378
"3"	0.154	0.000519741866454535	3.04088982983675	0.001	613.747720400052
"4"	0.284	0.000262722460111062	0.658872235693776	995.656694217667	211.975388531572
"5"	0.236	0.00198335098962919	6.96274434956873	0.00143015975995358	1939.94389639287
"6"	0.156	0.000503698086840354	3.09406671808657	0.001	500.314282216703
"7"	0.299	0.000328222561612724	31.842692540725	0.00484091923516362	1462.23720859097
"8"	0.357	0.00176273519051502	271.912115281711	0.001	2492.01966888148
"9"	0.284	0.000248515539853042	58.2695929686245	1.08737599415418	280.715781224456
"10"	0.284	0.000268379678949005	73.0370950178389	22.3440344613617	235.01881720827
"11"	0.284	0.00027511395911671	63.7135606137447	503.146721029783	262.860308872374
"12"	0.153	0.000706664391373224	636.242953114178	0.200806580994231	838.333973198208
"13"	0.293	0.000223669773278045	166.520654969402	986.002756047997	0
"14"	0.286	0.000216663590219503	0.167298278624859	152.603169932467	201.794004450742
"15"	0.164	0.000915283073925963	107.2032273038	0.0330608828858143	988.651833803793
"16"	0.292	0.000171608376392626	937.249223283306	519.834751863109	133.465805063828
"17"	0.225	0.000224792784868211	990.160440681348	0.33219225700225	65.6396774812859
"18"	0.188	0.000319505003396137	814.653488482585	0.268336159974959	246.945236818092
"19"	0.324	0.000540172318160729	707.326161894322	0.00108530512948997	1973.64939470236
"20"	0.151	0.000618429336464505	995.585054388477	0.321879726034545	755.723274186687
"21"	0.286	0.000214005537484851	444.978874009482	55.526206961664	210.397238255076
"22"	0.286	0.000214017724670388	0.317805861877547	10.1968508856765	247.056315965081
"23"	0.152	0.000595008891150315	3.26461534772655	0.001	743.097022760243
"24"	0.32	0.00199591795656593	280.967305371473	0.0364267920522634	2521.67486042018
"25"	0.284	0.000251725168322146	8.20629837154296	20.6637767831611	287.945857979993
"26"	0.217	0.0002436988380066	3.4426178851155	0.001	112.817186339591
"27"	0.359	0.00195795050541858	987.38965498911	0.0116679239961759	2523.23565230812
"28"	0.221	0.002	933.361249821281	0.208971194742637	1786.30956214533
"29"	0.318	0.00044436357826673	773.855014955699	0.00142588327790917	1801.08343238676
"30"	0.172	0.000380713585842355	876.480548597649	0.294806695118599	354.656496327789
"31"	0.333	0.000755755990603407	847.680635491434	0.00290884955866137	2229.4522661519
"32"	0.154	0.00073922778830688	679.317563396977	0.215195235626785	870.816181757893
"33"	0.284	0.000254077360123167	0.00895595199160153	0.00218725964275991	206.289465069829
"34"	0.283	0.000251476304936113	0.279902834511154	0.001	303.786106935197
"35"	0.177	0.000357033404561601	2.9736307454427	0.00100348392943038	346.454838094882
"36"	0.284	0.000250910654929218	1.00729477409273	0.813799878202332	222.473186381398
"37"	0.809	0.00189464784248272	398.758748659351	0.0060727640709808	6734.54481469748
"38"	0.16	0.000550337497012994	2.55820369441286	0.00100000000000422	575.713093320692
"39"	0.33	0.000689835797965893	323.684877128466	0.0234301376888148	2193.72208920864
"40"	0.203	0.00153623866675055	878.674318377541	0.225804525276164	1384.09773550919
"41"	0.284	0.000296052754318466	123.539240941478	13.2253555167343	260.9402800213
"42"	0.284	0.000248510710955691	889.791760818164	614.553537932622	202.246015897927
"43"	0.208	0.000264901982097051	339.864502987901	0.105633242235936	163.771750219085
"44"	0.286	0.000323393415813858	0.233085783083956	0.00978869613562102	269.8685924288
"45"	0.284	0.000297391114569582	0.0350597525221509	0.0478515317064108	307.037971622102
"46"	0.161	0.000447505632326591	2.82822011158663	0.001	444.267415461453
"47"	0.287	0.000348574437199507	16.9878795781855	1.14501403349238	325.958514385261
"48"	0.238	0.000570856968338446	6.58615141597774	0.001	1209.89981171154
"49"	0.284	0.000293919553772223	235.641186025694	760.521542862232	287.3741618784
"50"	0.284	0.000301661005788104	0.00536648163637269	260.6590123793	281.726497244285
"51"	0.284	0.000272133735218722	0.0036364902422944	11.961036357896	242.761367467519
"52"	0.152	0.000573662864552291	3.10227915075702	0.001	621.017051608963
"53"	0.284	0.000304805747686744	0.118209487197031	737.534924551574	288.256699520946
"54"	0.151	0.000618029092826432	3.10600350899389	0.001	755.005112733156
"55"	0.284	0.000250724632202898	7.80157222417084	899.994662369609	232.575056143105
"56"	0.175	0.00107790723593953	390.566971022468	0.117336442636704	1091.59959489586
"57"	0.158	0.000804791400384545	731.603220820888	0.230678725486738	950.514732306736
"58"	0.284	0.000273703774635015	205.512355521727	293.200500000657	258.34875871012
"59"	0.156	0.000515725973460618	981.520650132806	0.355426585874074	532.067754194847
"60"	0.284	0.000266339685438241	0.00926276893318829	22.3828329419253	278.552559734412
"61"	0.284	0.000279405093690031	0.0507387558491471	0.138853553290799	295.892503855694
"62"	0.284	0.000258850545015025	0.0893662654004633	0.00100546735877527	291.480379476203
"63"	0.284	0.000274604151349863	0.0432285027567315	4.14565052814509	248.28527138469
"64"	0.158	0.000471524901789169	2.89476333611113	0.001	456.642005976226
"65"	0.152	0.000589839697750017	3.24502317542863	0.001	742.661602250323
"66"	0.284	0.000285609450813029	0.551886800891737	2.68836553087778	307.99338307905
"67"	0.153	0.000568416058602892	3.07730590190929	0.001	582.868790859722
"68"	0.151	0.000625455328498401	129.953829332451	0.0416089691311235	747.496135873662
"69"	0.284	0.000266026975808895	75.4883747000119	0.967015370321214	213.663372267283
"70"	0.366	0.00197991896055868	764.149693643723	0.00492975001607319	2922.01275513674
"71"	0.157	0.000479923906995155	985.582098171121	0.333423182578609	523.138138745736
"72"	0.195	0.000368996281451701	293.319546046184	0.10791646360469	0
"73"	0.266	0.000332091192470092	889.353504769131	0.112664007924069	608.230122851864
"74"	0.284	0.000285637686470315	196.390682011823	897.360343447347	294.040652196435
"75"	0.284	0.000272655393252798	0.0106094401621536	16.6117160556527	229.754162091406
"76"	0.152	0.000607220515238781	3.33240334182683	0.001	773.045690403489
"77"	0.284	0.00026987152641069	0.0325476591739019	2.91481984951529	198.011646556735
"78"	0.155	0.000533343167638593	2.7874336375324	0.001	555.385619048727
"79"	0.159	0.000810261640201853	996.701626647654	0.292481121347826	959.399168654581
"80"	0.266	0.00199665347674907	89.271532301884	0.0154919635741271	2152.63824770226
"81"	0.158	0.000488016834744072	258.781488685894	0.0892905860849339	434.869577092664
"82"	0.284	0.000273191595203231	832.778021526127	29.5070845211742	322.733494402378
"83"	0.293	0.000218422275798436	0.0102158012711605	1000	0
"84"	0.284	0.00026314125103687	0.0112503037923226	0.00294591492068595	229.610954218349
"85"	0.284	0.000273210810934277	0.046623270556236	0.00629447509710047	317.913092880428
"86"	0.152	0.00055765872465275	40.7813603564744	0.013588707865095	620.270958093814
"87"	0.293	0.000332948755824456	422.453563253919	0.0770412386182881	1428.31042487807
"88"	0.197	0.00145846516650343	390.372590792994	0.114973870104794	1276.86494351168
"89"	0.284	0.000280408239949575	598.133308912755	134.657119100691	227.978212743986
"90"	0.284	0.000269446952074309	0.0107554961052542	0.835926383788067	210.131921742138
"91"	0.284	0.000284238613967256	0.012545552975078	11.4447033006162	322.912743718128
"92"	0.908	0.00198803014343171	0.0257690072254711	6.86411138544825	7125.89541258219
"93"	0.155	0.000518348483602133	2.81992842151974	0.001	556.938811429935
"94"	0.21	0.00123588040535628	328.764899502316	0.0712575129554589	1553.12160329229
"95"	0.284	0.000260666600028709	19.7944792637253	21.9708402225429	269.180036613312
"96"	0.164	0.000770139447597025	3.51852354877219	0.001	1059.36059158972
"97"	0.151	0.000619928384275998	31.1812663434241	0.0099453700086902	728.999767383131
"98"	0.159	0.000829377654260827	970.561380388812	0.294227760757954	934.340096976675
"99"	0.284	0.000279147450204467	520.081688220065	63.0560196177279	265.718373954765
"100"	0.293	0.000206108345882939	488.898146672898	861.224202554266	0
