"V2"	"V3"	"V4"	"V5"	"V6"
"1"	0.319	7.9272732230908e-05	0.00544066291612433	0.0118927084501078	3802.36524087831
"2"	0.316	7.5187221748419e-05	0.00546950080482713	0.580214644411169	3636.75066020028
"3"	0.336	0.000118994005260295	0.878196460671535	0.0531301661666006	4219.8277009036
"4"	0.315	2.15613229888727e-05	0.616959989938896	346.319809845877	3200.38042029242
"5"	0.315	5.8776971104274e-05	8.74744443683246	88.577803529155	3417.79778886831
"6"	0.28	2.0201090124536e-05	4.61700230502154	0.001	0.108542561353439
"7"	0.354	0.00139274079928001	6.67544181018631	0.001	4905.46259965875
"8"	0.279	2.02117973672149e-05	71.5778458700456	0.00838835313880121	44.5886314568445
"9"	0.315	2.50072951318257e-05	59.45846968731	1.53540249215077	3311.58807640762
"10"	0.316	6.49602371654284e-05	45.2646651871798	13.3414380903507	3593.21406101937
"11"	0.278	2.02441663105106e-05	55.7880702682343	0.00799476000148278	14.4007040772138
"12"	0.278	2e-05	892.594558355144	0.125174407600511	3.04756387155537
"13"	0.315	4.29019874545767e-05	251.701494791965	988.446693775123	3341.93100538642
"14"	0.335	0.000129603024983997	0.0923692365832974	208.019585670284	4186.36074320645
"15"	0.345	0.00118717643051394	142.914990726754	0.0203358927365143	4835.2650868507
"16"	0.281	2.13861635982957e-05	447.570629305385	0.001	93.4307766254205
"17"	0.296	0.000388507398127693	961.101454991746	0.172054831343691	3981.56297714162
"18"	0.278	2.05630848260785e-05	747.978145516362	0.10424595820815	0
"19"	0.315	5.52330852724493e-05	0.785156400904352	0.00741548754568902	3481.04789763467
"20"	0.281	2.01392272205215e-05	920.542733703265	0.00290147468774699	167.949339676821
"21"	0.315	2.14471110911411e-05	430.790347875248	55.9926942128647	3266.62320746012
"22"	0.315	2.11310482865203e-05	0.210561567213668	59.0585623683786	3400.71038482197
"23"	0.301	0.000419294551084305	4.5890608900576	0.001	3950.82129416626
"24"	0.299	0.000460930999379187	5.43421632532737	0.001	4042.23537738904
"25"	0.317	8.03552332005149e-05	2.78688789424133	5.84010396508381	3674.30728299129
"26"	0.315	2.56685127020416e-05	4.88371545949244	481.755566495843	3229.25358743881
"27"	0.299	0.000468033210062955	26.120687706917	0.00438380214701179	4044.92178078469
"28"	0.299	0.000460256240643109	122.866180423897	0.0186238725266053	4079.72369766342
"29"	0.337	0.0010468626849319	32.952518092877	0.00498281011367184	4832.30702703459
"30"	0.278	2.04464675040734e-05	734.780445289005	0.106002198437033	1.2967483960992
"31"	0.305	8.91836411933149e-05	211.963955885243	0.00275218729390976	2176.58294569346
"32"	0.278	2.01073793394922e-05	437.031451384949	0.0673841441203383	18.5839685116186
"33"	0.316	7.07238663941231e-05	0.00275699860588568	0.0021012900724858	3484.02451751943
"34"	0.32	0.000106156869076917	0.192600576454391	187.982940626092	3642.31510352777
"35"	0.358	0.000338461709241851	1.33828511071734	0.00100120092293073	4461.55448066444
"36"	0.317	8.59205114570719e-05	0.47068021229142	0.428273657352266	3576.64284850805
"37"	0.296	0.000384151051362775	259.627251475664	0.0439540522897757	4023.45598885318
"38"	0.315	6.16402637047654e-05	1.6256952505323	24.6292567593781	3567.16115481896
"39"	0.331	0.000914158498728302	309.607593689208	0.050099725243231	4866.93332627502
"40"	0.321	0.000781536328739472	477.588915346486	0.0748411029779891	4704.76233643155
"41"	0.341	2.01899745630352e-05	105.614171753669	17.4606067346713	0.786219386693925
"42"	0.316	6.90906827406687e-05	952.301084379359	994.389171991959	3606.59864287681
"43"	0.298	0.000280347663933887	251.855008371467	0.0381113762109663	3660.68237621139
"44"	0.341	2e-05	0.108794858536684	0.0128238375865993	0.000577035217160912
"45"	0.341	2.02767290302341e-05	0.0477653537343476	0.108329393528643	11.3590745984963
"46"	0.315	2.36707479483446e-05	1.06037897276757	24.6385178878475	3217.23252963419
"47"	0.315	3.54022809436236e-05	50.1116128089357	6.03091917161606	3264.64133622962
"48"	0.296	0.000330743404823458	5.6074193170875	0.001	3805.66380836641
"49"	0.315	2.02633596436408e-05	482.618549630484	1000	3254.47531677783
"50"	0.315	2.47757321288608e-05	0.00900190108511668	9.71643576849841	3389.6174516671
"51"	0.315	3.89933093375201e-05	0.00900730483752631	58.2592487935398	3341.86060148318
"52"	0.316	7.36700818733562e-05	0.001	7.47468853133783	3583.66568015164
"53"	0.315	3.61017824793505e-05	0.215029481849063	822.03543182349	3217.87602858509
"54"	0.298	0.000425796631594216	6.07552260224165	0.001	4112.21088827131
"55"	0.315	3.1137033473372e-05	23.0957629870188	592.175755766181	3268.5038794154
"56"	0.278	2.00000009371472e-05	989.282069389024	0.139624189064325	1.06202573760878e-05
"57"	0.368	0.00185879287004544	873.537980304925	0.128847502013265	4953.54536173003
"58"	0.327	8.6106649413903e-05	285.359202143165	152.752185719288	4014.10849007327
"59"	0.305	0.000541124494223621	592.151862674659	0.105302189803741	4254.14361664305
"60"	0.316	6.4117485368945e-05	0.00731466165824815	5.16425608377898	3646.09114193797
"61"	0.316	6.55658831627211e-05	0.0347063896754185	0.0365139505991278	3611.52792964579
"62"	0.315	5.46811751901731e-05	0.0104167889099893	0.525110237027374	3535.14481500841
"63"	0.315	4.72385214871599e-05	0.0304449482915173	5.71679373799717	3451.34912292602
"64"	0.315	5.5806024556278e-05	0.11756296340787	0.0510491120777025	3550.785356581
"65"	0.315	3.08432565218101e-05	1.00798895949344	0.0695678219140928	3247.94300655893
"66"	0.278	2.20149216237576e-05	6.44800802541503	0.001	4.01676636850449
"67"	0.315	3.93120175825695e-05	4.54782640183135	311.098151493422	3469.02047497006
"68"	0.315	5.04792175409492e-05	141.348051602813	0.922547359141992	3512.22708045429
"69"	0.315	2.42269240639771e-05	152.371548546557	1.70329748650027	3278.03574930559
"70"	0.309	0.00051127266285687	30.3050215782834	0.00567081964802225	4466.78110696389
"71"	0.338	2.01149125249395e-05	940.041106443573	2.50688561080535	2.78164088292467
"72"	0.312	0.000228072349155079	377.623637317704	0.001	3344.81382311931
"73"	0.297	0.000356918111559743	786.195513414727	0.129673784016202	4017.55067281109
"74"	0.341	2.06817138880365e-05	407.12370268633	938.851108754267	0.000141380060089531
"75"	0.315	5.24041349838394e-05	0.00687672022861904	10.5281570496093	3450.56681497669
"76"	0.296	0.000391313963124899	5.81930241344284	0.001	3960.29311774819
"77"	0.315	2e-05	0.0463456470392331	22.3379644002263	3312.17092718366
"78"	0.315	4.22891528129483e-05	0.168288500543097	1.70537046844901	3413.41353133037
"79"	0.278	2.11119041106015e-05	999.632722088346	0.145554524347705	3.97109037657546
"80"	0.318	0.000376365461183649	929.31449739718	0.00513989260974144	4037.5122363771
"81"	0.279	2.06676332648858e-05	607.235971713003	0.0877990656272449	87.8572618324554
"82"	0.315	2e-05	509.709126541428	16.7480538569813	3235.41098744935
"83"	0.409	0.000420984328831913	0.00850588015224	975.191585086744	4654.70419918126
"84"	0.315	5.01030881737741e-05	0.0112586441713799	0.00271344364421478	3558.65259078477
"85"	0.341	2.03222641492143e-05	0.0555009908727377	0.00547254648257074	11.3580138479672
"86"	0.316	3.64539841748151e-05	38.1875085438906	0.190883821880452	3228.20173154966
"87"	0.281	2.11238534221454e-05	589.032361610809	0.001	18.5716091611946
"88"	0.278	2.0338367974191e-05	804.520751001947	0.109943085988249	11.0738634573933
"89"	0.316	6.61491613284927e-05	467.810799043607	55.2319254062636	3630.19239572402
"90"	0.341	2.02204204773347e-05	0.0106938196730956	0.135350297716716	15.9538531086786
"91"	0.315	5.51967251495509e-05	0.0100002980700329	65.7023560057842	3534.86676852277
"92"	0.597	0.00198803014343171	0.0257690072254711	6.86411138544825	7125.89541258219
"93"	0.315	5.47751102234351e-05	1.15027590840246	0.0500148147450094	3530.39228843127
"94"	0.296	0.000343379323581271	25.4193624701695	0.00453468158922828	3806.51032126654
"95"	0.315	2.0631982088089e-05	28.083304322388	60.7765038880274	3155.92494482676
"96"	0.318	7.21135970477621e-05	22.367659594729	41.7024745280289	3764.7732751604
"97"	0.281	2e-05	113.83568641436	0.00196951857989496	11.870122867804
"98"	0.312	0.000623061399768025	486.510517438222	0.0818072228168615	4567.21126737649
"99"	0.279	2.04819088053409e-05	435.601973359604	0.0666986886389229	52.0365584376573
"100"	0.315	2.58420222458286e-05	478.396495786268	971.729107811916	3278.84159371414
