"V2"	"V3"	"V4"	"V5"	"V6"	"V7"	"V8"
"1"	0.165	0.00015343468390429	0.0393872819350688	1.71066153066125	35.5242319177608	2.33981696051541e-05	1289.73456640438
"2"	0.165	0.000140828080784187	0.252948141933981	7.00055738526801	1.57104716769611	2.2552021664249e-05	1377.03986420407
"3"	0.165	0.000138694380824878	0.785375950369959	1.55713130340706	125.56649991789	2.33282574475377e-05	1351.1057836533
"4"	0.165	0.000169047882576208	0.965630609037495	10.9623799089573	18.0991499471292	2.28832055583669e-05	1223.34520809125
"5"	0.165	0.00014445624353541	0.90660787612882	8.62878524750844	14.6549512726875	2.3324618773228e-05	1187.12872557977
"6"	0.165	0.00531356318517584	44.4158116920593	221.923234861485	0.304059730855414	2.2552021664249e-05	1447.01570968466
"7"	0.165	7.73469703924535e-05	5.92359625479918	0.616286241139079	1.47341351912909	2.2552021664249e-05	1175.4319970579
"8"	0.165	6.13799102137511e-05	1.60678544217887	38.2006796466558	0.176480400384391	2.27150311607965e-05	1549.3545403871
"9"	0.165	0.000150961750798373	23.0674557506828	9.45090570459148	12.2065207193156	2.32142477576596e-05	1188.85990079853
"10"	0.165	0.00018232432469393	22.0897639678788	11.6158864705297	69.1973790908167	2.2552021664249e-05	1166.72915557361
"11"	0.165	0.0003628430990492	68.0613935945048	51.9248928520826	0.0341782279108378	2.42815539442281e-05	1384.53019122201
"12"	0.177	0.000302191990641794	0.0443510955372923	2.23919182467734	0.120941233447632	6.6574521385677e-05	1950.81964521926
"13"	0.193	0.00593735280997919	0.00765131292884173	1.85179881458727	0.00101605161753113	2.31285997089593e-05	86.040750828536
"14"	0.174	0.00138054633185575	0.246312830021685	7.97507063443985	3.01268839950892	5.74410520202844e-05	1771.861377058
"15"	0.165	7.49362042003649e-05	0.00693147180559945	20.3588327482916	139.283860230038	2.38619196280706e-05	1271.05871209752
"16"	0.165	0.00144471618043005	0.157128615708367	63.2857705530722	15.4786612541648	2.2552021664249e-05	1400.03753825757
"17"	0.165	0.000301027660924746	0.188893635076206	10.1007030000015	13.7648190316379	2.2552021664249e-05	1399.96037894876
"18"	0.165	0.00588018861108244	6.06547521364074	34.0353170326501	0.0242163783625846	2.4266294898634e-05	1442.34323909709
"19"	0.165	0.0059884166811673	4.4159884399132	2.5571745555609	0.0197423135550052	2.34161473338537e-05	1376.84188288989
"20"	0.169	0.000364999367588967	0.0831494523385707	43.0799264767468	1.13360854899691	3.9023951632153e-05	1867.25144002341
"21"	0.18	0.00114720625073882	0.924114898008756	232.447307486428	29.8360053140345	7.88828146846859e-05	1944.08241068995
"22"	0.165	0.000324712005321521	0.837042183183121	2.09724664303864	169.286624919604	2.2552021664249e-05	1196.5425499344
"23"	0.165	0.000332578225198355	0.854704135803679	1.40149728453755	133.828656308064	2.30324727460919e-05	1296.89446960748
"24"	0.165	0.00597823581673661	16.5653313256991	20.3747218864655	0.011265625	2.2552021664249e-05	1263.36324856655
"25"	0.165	0.000131136562517964	0.181275366127002	83.7085969727353	315.314028529493	2.2552021664249e-05	1348.92340036566
"26"	0.168	0.000334877656893064	3.99139151074777	0.949015276557867	22.0583657099126	3.59536997313034e-05	1285.26470385574
"27"	0.165	0.000359670941201263	4.40123440292132	20.9528266394428	0.20754429781733	2.34836379637466e-05	1284.16734972587
"28"	0.165	0.00041375838373685	5.19435971002627	12.7427295221323	204.181231450496	2.2552021664249e-05	1248.07328708495
"29"	0.165	0.00033667913733673	4.18703174535421	48.5144707821265	12.1219411411147	2.38936702979679e-05	1263.44885591823
"30"	0.165	0.000321511598113818	21.5942943401961	0.752376967079564	0.0155853696670572	2.31384121702316e-05	1235.74907455006
"31"	0.165	0.000587338249841507	21.8914171699565	0.615126645311701	39.2419232769089	2.2552021664249e-05	1159.44585540851
"32"	0.165	0.000350775357853632	24.8030392717627	4.19954132146587	1.71875431974119	2.28155329251859e-05	1142.35581576006
"33"	0.165	0.000400112727138971	21.0522090126548	336.974325834826	12.9207534852255	2.2552021664249e-05	1248.07328658086
"34"	0.166	0.00538068422108162	0.247866994086825	0.779799589155339	0.0204166455502603	2.31101097540181e-05	1089.4262502577
"35"	0.165	0.000750297136849956	0.0394086263482343	1.93991987264834	14.7304812456759	2.34836215058893e-05	1285.77750103741
"36"	0.18	0.00464094664069089	0.188827195061384	10.4032399199627	3.03923592001371	7.75786254642594e-05	1799.30492635833
"37"	0.197	0.00599128503541954	0.00727840749076744	10.5052711803806	0.00103099275605122	5.84256583799667e-05	549.522934104352
"38"	0.17	0.00141654565429687	0.0513071038478147	203.43508935715	0.110477661132813	3.93737256434643e-05	1986.00958414333
"39"	0.166	0.000290987723180713	0.010806259618659	0.410458366023873	18.8035454201567	2.25612938553778e-05	886.464427726944
"40"	0.17	0.000107019663021112	0.00693147180559945	0.232234113730973	242.571449753679	2.2552021664249e-05	607.819663902371
"41"	0.165	0.00538671303732138	1.19157754542441	11.8379277189587	0.235212560684991	2.32924211450693e-05	1362.22350342013
"42"	0.17	0.00129991523304244	0.338887102560516	12.0230636044562	1.44270659966132	3.49786977326782e-05	1756.66780026928
"43"	0.19	0.00572356723022461	0.168546375098336	52.2228866340189	0.004825	2.2552021664249e-05	86.040750828536
"44"	0.165	0.000798461527726038	0.855628618157596	4.6791382669449	1.70669144907901	2.27794286061825e-05	1140.1336242771
"45"	0.165	0.000960283757382307	4.19113013819384	0.757855773763097	1.79039828169491	2.27303693546701e-05	1182.39280133709
"46"	0.17	0.00131167963668283	7.54244165572142	3.96338312843448	0.011536156528164	3.61639562189074e-05	1748.83137295352
"47"	0.165	0.000820352748496227	6.03610002767152	10.706595915079	24.1783917662448	2.2552021664249e-05	1176.02773475977
"48"	0.165	0.0016436723059026	16.4319594608517	33.1236930290646	0.322895738230806	2.26630894872193e-05	1399.15557506748
"49"	0.169	0.00070943982212127	3.86034090138308	203.979582075113	1.10884194901065	3.9162213454393e-05	1590.75548059472
"50"	0.165	0.000860574164770429	24.0449493712389	10.346818017779	0.13169247153768	2.36780774007793e-05	1235.78793982894
"51"	0.165	0.0057086389297648	64.8956532863407	163.064039136114	0.0285772611641326	2.31701607859107e-05	1349.97871179494
"52"	0.165	0.000756018816667079	19.1980946895244	308.554920551668	128.892084533132	2.2552021664249e-05	1302.8354342307
"53"	0.165	0.00188171950585357	0.0412817238898139	1.73015532238785	38.9448068177615	2.2552021664249e-05	1246.62589101021
"54"	0.165	6e-05	0.00896292795527083	0.955392118046787	231.172932407598	2.2552021664249e-05	944.505609458287
"55"	0.165	0.00185293438257298	0.0404242086092283	4.17132518125563	23.4961526981566	2.33996519659379e-05	1235.76960105155
"56"	0.165	0.00240253738262866	0.0354070466773608	4.14409492585441	232.956712225736	2.30818303581826e-05	1351.61981386445
"57"	0.169	0.00153777854617776	0.0372013433757781	7.75747513935837	2.37588456161917	3.93886912073183e-05	1637.28581051834
"58"	0.169	0.00269267556222929	0.0513783360115195	42.3350507217726	1.11498898122039	3.93961772337279e-05	1639.71450482959
"59"	0.177	0.00142617188400761	0.165264342270193	0.739555760225811	17.7565603712676	6.57016239794191e-05	1573.19948977126
"60"	0.168	0.00129928456576661	0.200522769009952	2.60136291581472	613.366996903064	3.4267382693002e-05	1518.37471617521
"61"	0.165	0.00147589880892583	0.167257941572174	233.745192669842	121.98194742996	2.39079844354625e-05	1292.28059778682
"62"	0.166	0.00175329873195584	1.19369413672421	0.399189563520991	26.9119251647824	2.2552021664249e-05	1044.43236315671
"63"	0.165	0.00220821665394735	1.64015294909628	3.28612006961024	34.8575676705752	2.31877048078203e-05	1325.65973428347
"64"	0.165	0.00187771223022648	0.498690874568524	7.04971097620562	26.8172663492964	2.2552021664249e-05	1316.98556325451
"65"	0.165	0.000186072182112671	0.0952959144501211	4.76406424824729	351.511903316521	2.2552021664249e-05	1379.39495172016
"66"	0.17	0.00369201753728764	1.77218257286652	41.2332208910984	2.93992161744089	4.30512796610055e-05	1567.23384478223
"67"	0.168	0.00186824591131847	0.987497325427828	66.4494058184062	121.150335315933	3.34266276500931e-05	1353.77411403425
"68"	0.169	0.00315548792532623	1.72836833199821	181.746789239829	0.138351325391045	3.93883786589291e-05	1637.83299337364
"69"	0.165	0.00577920321226674	4.11681678617571	286.115040928621	3.05265155717064	2.2552021664249e-05	1262.46302614665
"70"	0.17	0.000896435139990253	0.775763302430046	223.831819348947	121.60001539268	3.09364402284071e-05	1746.30758348022
"71"	0.169	0.00154993981481637	3.90602663931372	1.26891671158575	0.249228399045192	3.90585734499652e-05	1504.04560068405
"72"	0.168	0.0015625020508795	3.94935527900723	0.94232296882745	218.854048614051	3.64642169862689e-05	1378.83566556416
"73"	0.165	0.00210982522622485	4.7368958855366	0.735728569841278	0.20300991527345	2.27485424285243e-05	1171.56988687191
"74"	0.165	0.00167510076257085	4.25259856528921	11.01626094151	1.32345381676816	2.25520227585863e-05	1237.0475152693
"75"	0.165	0.00203744510021224	4.81039934751447	82.1280678754297	14.0543636872767	2.33980102714912e-05	1360.66021384665
"76"	0.165	0.00170700108384179	27.2181561128391	0.731933671117597	0.0184976140646501	2.2552021664249e-05	1121.92557459691
"77"	0.169	0.00155807645694656	18.165635414968	9.5764140596428	0.121882193341281	3.92654424078546e-05	1569.5815139208
"78"	0.165	0.00222264624068314	23.338183650631	33.6389160066654	0.313912454429039	2.27307156345247e-05	1360.76669264735
"79"	0.165	0.00187771588323815	22.035622066067	69.5993796718242	13.8004727086549	2.28882871619252e-05	1414.96389375203
"80"	0.166	0.006	68.5624794494801	248.665307325656	0.0251690340290234	2.2552021664249e-05	1539.66844994931
"81"	0.165	0.00555821333957107	45.6349401753646	163.006836876642	0.315848868151793	2.28260124527364e-05	1307.59351801082
"82"	0.165	0.00383393319350901	0.0547280813152877	1.78612694851583	40.9869560168299	2.2552021664249e-05	1282.82119257308
"83"	0.169	0.00127776537004004	0.0489967125365202	1.78801343769155	0.11040333514615	3.93886917025285e-05	1637.28585853543
"84"	0.165	0.000538094401455186	0.013786506857624	6.79529898011265	251.34465962515	2.2552021664249e-05	1097.3397340248
"85"	0.171	0.00159680382715882	0.0718300051098434	203.401660368739	0.0109706812793261	3.91791350782664e-05	1595.20143808358
"86"	0.165	0.00546973358043831	0.262982815026607	1.0473881480089	0.179196256035381	2.2552021664249e-05	1192.40302668061
"87"	0.165	0.000938903175009786	0.185656831372157	9.25491611379385	0.140054852925645	2.27272525055838e-05	1553.51245723661
"88"	0.165	0.00548484673319196	2.38387509501179	9.49539749631399	0.307313941464052	2.31203506270909e-05	1401.39065416367
"89"	0.167	0.00439577633316992	1.22608311132275	42.8137627575561	0.0109599415896492	2.26139887618752e-05	1744.24873106758
"90"	0.165	0.00583918810323503	1.85223699047127	57.046016352746	0.295467563800625	2.2552021664249e-05	1340.63544228642
"91"	0.169	0.00257757825946949	0.298995954693627	203.491920738524	11.0499811458849	3.93924574367123e-05	1637.41851775684
"92"	0.167	0.00406906503280683	3.90396023327377	0.400658748720184	161.561752909394	2.41793741678442e-05	1011.67728390052
"93"	0.17	0.00336225510885607	4.47493787099723	1.26169964677507	2.27460740540595	2.25833643225473e-05	745.926985425587
"94"	0.165	0.00565041721448854	54.9161607341696	489.388190510754	0.315906879353271	2.2552021664249e-05	1311.14233503944
"95"	0.165	0.00364737666907851	4.2500618057914	369.564933160346	12.3056497596437	2.2552021664249e-05	1388.51923223457
"96"	0.165	0.0035155417938199	23.3227897098111	1.33498670200527	0.260823243598767	2.38778584367625e-05	1287.11217100584
"97"	0.165	0.0058611553131251	59.0018429029879	2.33129926027678	0.028538497772016	2.2552021664249e-05	1184.77677551403
"98"	0.167	0.0039512745273449	20.0603969231534	47.6165577248145	150.178265550805	2.93865749550037e-05	1361.08038913138
"99"	0.165	0.0056853268486292	63.6434623778905	212.960903236647	0.303599321480914	2.26225344528043e-05	1436.99135537746
"100"	0.165	0.00523426784872196	41.5241772524422	167.376242184463	0.304894957760374	2.33316859341166e-05	1302.19543204832
