"V2"	"V3"	"V4"	"V5"	"V6"	"V7"	"V8"
"1"	0.237	8.65248658652888e-05	0.0247261433201524	3.04799818642966	0.381167379925832	2e-05	463.603037761183
"2"	0.237	0.000150265280483999	0.1904659425994	3.61437612953549	1.20315345104491	2e-05	235.150251637525
"3"	0.237	0.000651569962950315	1.42817431652851	14.9280825801532	0.0271233068051088	2e-05	524.893432903661
"4"	0.237	0.000187215747416133	1.00630278272746	1.80566847370028	0.0666921624528251	2.02473442400022e-05	35.9895046725592
"5"	0.255	0.00101258429385657	1.60320982419705	73.1860116289898	0.0154676536567625	2.06521575227014e-05	1828.78275439304
"6"	0.237	0.000111053475276016	0.357358599300851	1.62307616349229	0.0178116152263288	2.04756549192517e-05	299.864080083815
"7"	0.237	0.0002259420318009	1.95418070297177	7.37575474277356	0.0111895590590104	2e-05	488.953709499579
"8"	0.237	0.000140690278307893	1.03888121579787	12.2294221851251	0.121659715832022	2.03400661199547e-05	368.419656188636
"9"	0.237	0.000161920499615049	2.47056007183185	19.6466021688991	0.0303787717656104	2e-05	462.176784716652
"10"	0.237	0.00069981253591672	4.96940293137894	12.6920758864996	0.0153867011102106	2.00004432108463e-05	481.016958708133
"11"	0.237	9.13728362733461e-05	0.626811943539666	255.027278581744	31.2810310181558	2.03246346281895e-05	164.105095622655
"12"	0.239	7.89287249434383e-05	0.00693147180559945	225.556271464313	56.1350212195649	2e-05	573.257358228817
"13"	0.237	0.000188420257959111	23.9644072090194	9.83835482522322	31.3270256577432	2e-05	230.948514703987
"14"	0.237	0.000174063843437192	20.5053673672617	4.15268293245393	11.7123991840022	2.04662069211542e-05	101.024184448415
"15"	0.237	0.000330445874227991	0.0121067221795425	8.06611276129508	2.75087080129164	2e-05	414.78977795816
"16"	0.239	0.00099347734194786	0.0975558435332431	4.71669611283403	0.122059655853226	2.01096230175657e-05	671.738065480447
"17"	0.237	0.000354389679008408	0.00751576758759978	8.00605702770464	133.578513392632	2e-05	0
"18"	0.237	0.000355514856923381	0.0404553143529462	112.613656242288	54.8235238344876	2.00085771596212e-05	163.611582218777
"19"	0.237	0.00250894005153008	0.0942766251525632	429.729025890481	0.0437009985515783	2e-05	465.955898035427
"20"	0.239	0.00165580609117759	0.174896516050108	641.892892295546	0.0447239010796844	2e-05	644.512579273024
"21"	0.239	0.00140706560306336	0.1077539263928	321.294999310743	0.386624939061037	2.01062997543369e-05	559.563312300766
"22"	0.237	0.0022339468736437	0.209094820040002	228.490808431076	1.43315763642259	2e-05	410.231043268712
"23"	0.237	0.000340959689995105	0.00713360042537911	122.389226035434	224.658896461904	2.00253699689581e-05	14.690436365861
"24"	0.237	0.000248829028394078	0.130050222756289	0.645620571462269	0.0986129565743638	2e-05	0
"25"	0.237	0.000517688530589325	1.91239832460829	55.1933205599011	0.110088965168441	2e-05	318.805931777468
"26"	0.237	0.000389136707678758	0.26320776229759	93.5474912688113	258.630142989542	2.0396070164488e-05	258.816994050303
"27"	0.237	0.000323346768292533	0.834206508362341	225.556271464313	1.3854950202133	2.0000344000911e-05	448.098523127819
"28"	0.243	0.000324275848201786	0.837130545369093	249.307503033897	10.9905756906218	2.91775634008109e-05	494.291438679863
"29"	0.237	0.000111165982516231	2.75745824594599	2.84320123073783	0.0244737543379406	2.0283342079543e-05	82.3803404909463
"30"	0.237	0.000231432546917684	18.9037176831744	4.34341623046082	0.498752289025698	2.00529806909908e-05	5.91245967246052
"31"	0.237	0.000485038955042093	4.4780088994877	3.47591697529067	0.146778042271466	2e-05	114.241276522893
"32"	0.237	0.000369443120180265	4.55497557780478	235.372219466967	13.0488242326898	2.00608637105434e-05	182.555452797479
"33"	0.237	0.000369818518903364	16.3173732848488	20.1864611063551	14.1785811262163	2e-05	130.667911301612
"34"	0.243	0.000304076229365957	16.6540130742799	65.7688184227814	1.20303913338339	2.91658942992189e-05	492.282339482109
"35"	0.237	0.00038373803300386	45.9439985983255	6.8397467744298	0.001	2.01831065318347e-05	504.83275012929
"36"	0.237	0.00148273072647845	0.133423300569276	0.386569963201385	0.263211241197051	2e-05	1.50445773123651e-06
"37"	0.237	0.000668105321084013	0.106706653780785	0.519161836534261	0.0207221794783852	2.00000059355584e-05	0.000922701002486013
"38"	0.237	0.000710686045064135	0.0547606428805932	4.28089532499985	0.188847181320208	2.046073445416e-05	432.84726860376
"39"	0.238	0.000772487336220366	0.698113012279399	26.7456491104622	0.0544212119890823	2e-05	665.615355523922
"40"	0.237	0.00253125839912959	0.0714397355143297	245.628669068181	1.09679987025851	2e-05	476.972476974448
"41"	0.237	0.00227334398230365	0.104206463596209	154.7746588612	1.94425982657741	2e-05	431.744041249256
"42"	0.238	7.33590835970506e-05	0.295736802678552	14.7230924674595	0.120078005516443	2.00957545672685e-05	546.912466449616
"43"	0.237	0.000995026119610458	0.500939896768289	3.06707240453223	0.0122985063418273	2.00983752131723e-05	451.230371926985
"44"	0.237	0.000755544519410873	0.185016881528918	15.9054677793349	11.4861065644658	2e-05	227.70040249256
"45"	0.237	0.000983039072929705	0.321495054904251	1.30636776160142	0.90713426687995	2e-05	5.09788742675742e-06
"46"	0.242	0.000635425271787855	0.890352470131918	54.2867808063262	0.0996439385186129	2e-05	1066.48882499083
"47"	0.243	0.000351180359464188	0.0151190892441214	236.525236880907	53.4166758654163	2e-05	1004.72403236886
"48"	0.237	0.000448789860915744	3.66504089940618	1.60852789793309	0.001	2e-05	484.570493715199
"49"	0.237	0.00044028330351311	0.999582372080351	6.04092867003423	0.0190511020000295	2.00266447441787e-05	361.809761068768
"50"	0.237	0.000705628899636176	1.09139045755097	4.03107445784873	0.109794183767077	2e-05	68.7057202863083
"51"	0.237	0.000727222983219949	0.893429868060462	67.7721315777069	12.8286251707705	2e-05	260.597412366744
"52"	0.237	0.000502468585763434	1.90551347960085	297.898323527737	1.32138293298461	2e-05	307.929170303892
"53"	0.237	0.000982510149232278	4.74713755729275	5.39542378185992	125.309496576207	2.00855039837952e-05	92.1995309176378
"54"	0.237	0.000815407854247756	20.4764555364612	2.22472506628438	2.29891545597608	2.04019880707238e-05	49.5770228415746
"55"	0.237	0.000497899327065076	37.1192305213613	33.2572905886594	0.0995709974019826	2e-05	307.904290419686
"56"	0.237	0.000676908905186423	18.1692662693932	15.2249280973718	11.5925836772141	2e-05	229.194338895604
"57"	0.237	0.000660114590784539	19.3930572479313	75.5758772593447	1.19924008475859	2e-05	68.7057202863083
"58"	0.237	0.0027334579491888	0.0523468909986305	3.49824988157795	0.113767578022861	2e-05	396.955832362491
"59"	0.237	0.00207066790448273	0.0664974072827224	4.65768642967917	19.0060900873523	2e-05	0.00028456043978811
"60"	0.237	0.0020027292186044	0.0467377667649991	20.7891444066003	136.050823506922	2.04557228732875e-05	201.94680059852
"61"	0.237	0.00159803921034686	0.066401041457648	67.0712248055244	0.0158056082673011	2e-05	334.107647371367
"62"	0.237	0.00376465444461113	0.0638011557017429	161.103707317438	2.33854177552948	2.00168096185782e-05	333.358811305319
"63"	0.247	0.000824622837638728	0.317924376382524	517.499377604853	0.025608076447033	2.02241181730911e-05	628.165993304348
"64"	0.237	0.000442899717184961	0.0479539769469344	53.2272321091983	3.10869588232591	2e-05	477.131221740515
"65"	0.237	0.00486530827040625	0.449657991084056	0.341959798709729	0.0179870537791332	2.02129808583589e-05	8.1128998668553
"66"	0.237	0.00151090719527086	0.411011222116179	3.29745241425992	0.119078207710431	2e-05	302.047447346765
"67"	0.237	0.000419763454946676	0.00720163391330679	8.39531899513149	10.5311500723733	2.00000001360181e-05	0
"68"	0.237	0.00317217341852922	0.106054452222048	1.6176922522169	0.0186535992944254	2.00000001944085e-05	1.533333972631e-05
"69"	0.237	0.0026131235651625	2.45782865067641	150.272702765489	0.001	2.03334858355207e-05	200.268267704196
"70"	0.237	0.00185431568768495	5.54920080247726	2.91751898246726	0.296099385935881	2.00000002199554e-05	0
"71"	0.237	0.00219878399905934	4.79851799700937	5.5165719572455	12.8870089014792	2.00921708054436e-05	95.487023583625
"72"	0.237	0.00242358408839251	8.73288996977276	76.7657040477098	0.0188136702900013	2.04267686642621e-05	386.792971235311
"73"	0.237	0.00118243130162573	9.4549684020927	24.9312168838304	0.118768540162337	2e-05	172.436264172453
"74"	0.237	0.0020787718550828	27.551831023189	4.06640997756939	0.030573087207108	2e-05	6.05396208167376
"75"	0.237	0.00142951018170136	16.5969814148362	0.87471249621307	0.119964744855784	2e-05	240.123784143708
"76"	0.237	0.00185603719378391	39.0215177756815	3.13124545428127	0.0149453442187232	2e-05	117.349745550425
"77"	0.237	0.000270002878397767	7.9051615298297	48.5134626574878	0.0440702954869454	2e-05	319.220345548638
"78"	0.237	0.00167893117562921	18.4198132713454	87.0118424075531	13.0916805200569	2.00702143862495e-05	73.158773620825
"79"	0.237	0.000904469442105168	0.210423942314015	0.351047312343378	0.0175255848755896	2e-05	33.3522995237723
"80"	0.237	0.003474038582466	0.0836929484680288	7.52280618670909	245.602663679469	2e-05	32.0015372499258
"81"	0.237	0.00235441940649086	0.119918828229914	1.25158628549037	0.130135305944491	2.00000124421453e-05	0
"82"	0.237	0.00426927294346982	0.102858572778484	7.61445182886014	0.165550666149428	2.01371801180605e-05	223.053533079534
"83"	0.237	0.00358418887909233	0.193526196537467	3.81338097270821	13.1012793209827	2.01540291211544e-05	18.3560238150147
"84"	0.237	0.000167299587036421	0.242422716184493	6.49968630039248	0.136276101308868	2.05019741436408e-05	397.340540218067
"85"	0.237	0.00379196039744489	0.201586724577031	74.5714850825296	103.208358877003	2.03915845100888e-05	130.322715301284
"86"	0.238	0.00136003884614834	0.476991993320908	197.389119713919	0.373075066135588	2.01119752276147e-05	414.462435663632
"87"	0.241	0.000796034799496209	2.51505699857394	13.0618294237112	0.0166696134266059	2e-05	856.536149253672
"88"	0.237	0.00390675095641649	0.608883432480411	143.113463747172	0.0140763214991784	2.06254391035395e-05	395.151788705426
"89"	0.238	0.00199169329248713	0.491294576110842	13.0399379916506	0.5313483657736	2e-05	0
"90"	0.237	0.000128721751592642	3.54253802340426	365.188986849688	0.330490076534695	2e-05	405.804049838512
"91"	0.237	0.00316959947960697	3.8765186625798	0.815489472183779	12.9020260542309	2e-05	180.309738988014
"92"	0.237	0.0032420076772913	23.7976042580022	0.745833801293631	0.0129203858543699	2.0362481802945e-05	15.3066685498193
"93"	0.239	0.00019134923625568	67.9546878976904	19.9545637378589	0.001	2e-05	538.517486628932
"94"	0.237	0.00347272054389741	28.1875985991417	5.35417983828917	185.986684107916	2e-05	0
"95"	0.237	8.3158524804435e-05	8.32380079056895	45.5767782207964	0.0408997082862126	2.05673098832732e-05	331.000282864661
"96"	0.237	0.000312017687991467	17.2278634492133	319.214504396806	0.652391324682371	2.01412217371583e-05	123.837793993426
"97"	0.237	0.00311944034110108	17.3500911039947	12.4080599668236	0.161911051144363	2.0268969679974e-05	249.745820388544
"98"	0.237	0.003904295787132	8.2562804801285	76.4807588704671	1.33493252390779	2.04286664214149e-05	131.493237035365
"99"	0.237	0.00341227662415814	18.4794290161853	87.3828703485872	13.1313534431723	2.00692555517129e-05	84.9218444764458
"100"	0.237	0.00340508702671141	23.6197101559536	78.5436614726796	16.6451299478481	2.04370964811567e-05	201.584606306147
