"V2"	"V3"	"V4"	"V5"	"V6"	"V7"	"V8"
"1"	0.252	0.000243318076850767	0.0311186512293035	0.00102136461327798	0.02072970318162	2.02835775228656e-05	9.04612747169183
"2"	0.252	0.000479220538976822	0.19309813115462	0.001	0.0211018627034425	2.02478474598705e-05	22.1570916914105
"3"	0.24	7.68002480541072e-05	0.0106727416709621	0.424676595785851	265.222674917218	2.00439807107382e-05	1191.6423017634
"4"	0.24	0.00559518279407328	0.277345738194076	186.312393663411	0.0100940718206801	2e-05	1221.3973865045
"5"	0.256	0.000136687413988084	0.117045867442675	0.00123127650320227	0.0197064844398229	2.8647785783163e-05	321.042284533561
"6"	0.253	0.000242149735168985	0.125122513607247	0.00146772902235114	2.16998791245042	2.020601106879e-05	130.897176023716
"7"	0.241	0.000157280974899043	0.200280685027349	0.417192147243453	0.0223662364027887	2.01964371939497e-05	1536.47161602943
"8"	0.251	7.34286246042081e-05	0.00693147180559945	0.354258064318805	210.384809996627	2.01415538353145e-05	87.7799415366316
"9"	0.259	0.000555129039524952	1.15657075747933	0.001	0.274199969229995	4.06218760369218e-05	550.315688849579
"10"	0.24	0.000147723877768902	0.131613545987591	17.0659471523375	12.3941104898788	2.00000000076404e-05	1530.5046764219
"11"	0.24	0.00014952477621125	0.134213945395258	156.739606512039	134.892226299129	2.02526733746568e-05	1509.4153152845
"12"	0.24	7.58941014788945e-05	0.123662117464436	1.39689829552888	13.6484634097236	2.00000000864726e-05	1487.31164075851
"13"	0.252	0.000143941286269133	0.500487576771573	0.001	21.9244563947685	2.00000043904865e-05	8.60112419507847e-05
"14"	0.24	0.000148416999571114	0.74104300768617	7.6943745375412	2.17419658709741	2.00000000704968e-05	1475.30423162589
"15"	0.252	0.0001457580817711	0.506664678425626	0.001	21.7308393182594	2.0000001337179e-05	2.61958270052133e-05
"16"	0.252	0.00594448852058568	24.1107091357026	0.0010000000000006	0.0217690380433808	2.00000003321853e-05	0
"17"	0.252	0.000193527088137475	1.30327750417969	0.001	23.7029097940711	2e-05	101.64155327346
"18"	0.24	0.000176763602122992	2.34871796637892	16.1199975380547	1.33224464518004	2.02799945549282e-05	1502.98219234295
"19"	0.252	0.000581994279728233	19.9572957071444	0.001	0.301241154107552	2.09107056227069e-05	41.7318083289011
"20"	0.252	0.000161307990678787	2.75781981416286	0.00100000000000056	2.19973421553978	2.09303113781571e-05	38.6828021446072
"21"	0.252	7.64256144451914e-05	1.18708952488469	0.001	0.363707563271577	2.00000013325085e-05	2.61043306835404e-05
"22"	0.252	7.40511591651573e-05	3.97866922787146	0.001	230.584218889284	2e-05	0.00572004561561118
"23"	0.252	0.000189037542758528	19.9066803243187	0.001	0.0271141733193544	2e-05	2.69633582101486e-06
"24"	0.24	0.000164605496694302	10.5572239151897	70.509038587212	1.58266839173368	2.03401358801563e-05	1507.26251794541
"25"	0.252	0.000363408652235192	0.0741875052127691	0.001	24.2395603520278	2e-05	4.51066222464012
"26"	0.255	0.000315209442522763	0.0304358485181363	0.00132477968792102	207.750070390667	2.60687599317283e-05	217.070977160552
"27"	0.24	0.000381491678743983	0.0330463998234438	0.663968632586054	2.14426686786958	2.02037438206091e-05	1455.40985874318
"28"	0.24	0.00577914340155902	0.194889175875704	12.8995491623948	0.0158483567452695	2.01237565727752e-05	1494.51048018505
"29"	0.252	0.00108496602666422	0.134892965332481	0.001	2.8539871353383	2e-05	1.70120667148131
"30"	0.252	0.000345186595999395	0.0331966958485459	0.0010000000000003	222.667325248935	2e-05	7.67375494019995e-05
"31"	0.252	0.000351188531066422	0.138223588754186	0.00119831745503524	0.0217488727683922	2e-05	0.000119039471049662
"32"	0.24	0.000156875012106523	0.0252144898315838	0.431496897295186	3.00515564335303	2.01986004264364e-05	1261.68633768716
"33"	0.252	0.00453129377652033	1.68388607713251	0.00100000000000392	3.01514465807343	2.01078786846553e-05	38.4585944483922
"34"	0.252	0.000347374875637861	0.538170697220814	0.00103515624962881	2.30035175674998	2.00002405436078e-05	3.94448080578009
"35"	0.24	0.000400922007727151	0.621720088287036	0.538400371504245	0.0208661390488473	2.05661031703847e-05	1153.03209840917
"36"	0.24	0.000343878008767534	0.985266389982488	0.514425201192718	2.24719683035287	2.06763248863764e-05	1259.98497748001
"37"	0.252	0.000938490101321871	1.9689782917201	0.001	0.0201393327451176	2e-05	3.81028616562226e-06
"38"	0.261	0.000484691823953611	1.3075142326619	0.001	0.274197696561385	4.11922872027713e-05	770.61418455383
"39"	0.252	0.000639302042838677	1.93786155052504	0.00100000000000392	2.86535727137747	2.07118715507932e-05	34.4850596924195
"40"	0.24	0.000451367005803475	2.41578725629108	179.643037513769	147.104068112542	2.02514432258339e-05	1421.78338232799
"41"	0.252	0.000362136804408912	9.14185648910653	0.001	0.0208898129085599	2e-05	2.69633582101486e-06
"42"	0.252	0.000348740680955012	8.73478417169786	0.00123006901799845	227.950558997651	2e-05	22.2603588210299
"43"	0.252	0.000763326138861248	0.0332562765431536	0.00116124115350209	0.0214870093253763	2.00247856231951e-05	18.9375476455149
"44"	0.252	0.000716095121083042	0.0314219698029275	0.00116667322028877	21.9588376668168	2.00581090596417e-05	11.2787012871381
"45"	0.24	0.000845597120630132	0.134300361410008	0.40652850317163	0.173672356829968	2.00538944320099e-05	1196.83389782419
"46"	0.24	0.000753379678378454	0.190672961350474	0.652952119629716	0.191248863871294	2.05437194458602e-05	1452.31299372173
"47"	0.252	0.00120344789116833	0.127068213068142	0.001	231.311703895753	2e-05	2.69633582101486e-06
"48"	0.24	0.00579841209437873	0.320434696549561	16.5438282725821	0.0133155822864916	2.01542075594035e-05	1500.24770356291
"49"	0.252	0.00574330490914948	0.983756007428304	0.001	0.247978316452856	2.03511554604847e-05	28.7285677662945
"50"	0.24	0.000261858070447762	0.0574055322628734	16.0735530244707	121.121192928158	2.04775955801527e-05	1380.00518382665
"51"	0.253	0.000876707564604631	0.616399275113529	0.001	22.3466138184817	2.39607815776723e-05	88.1349633918365
"52"	0.252	0.000727657904600932	0.565873688824525	0.001	0.00787891596651175	2.00000001673089e-05	0
"53"	0.252	0.00572505231785347	3.8884695698336	0.001	0.020834277508317	2e-05	6.76738405411469
"54"	0.252	0.00578474849196503	3.99256828724148	0.001	0.0215336588095248	2e-05	0.000111575322126826
"55"	0.252	0.000764198023009944	2.10405500873929	0.00124570959199009	2.18314355159143	2e-05	6.30276253922883
"56"	0.252	0.000811134770058862	2.53473141694739	0.001	0.238445614701528	2.14757654906056e-05	13.3022642025799
"57"	0.252	0.000748033505599179	3.99393978271195	0.001	2.38178204934777	2e-05	63.5985511777713
"58"	0.241	0.000748944998721989	9.82766386214978	0.382700703237381	0.197589750765166	2.00559279259809e-05	1465.35675372421
"59"	0.24	0.000749592582268723	18.1068705751444	0.520308283178044	188.13834304657	2e-05	1311.78967121006
"60"	0.252	0.000779889429986882	8.94516820596357	0.001	0.223583670082736	2e-05	0.206861224042494
"61"	0.252	0.00197058839883685	0.0337501548836228	0.001	0.0217491803895092	2e-05	8.65864488089465e-05
"62"	0.252	0.00512195542717518	0.0565335169884836	0.001	0.214399865094937	2.00000200560405e-05	0
"63"	0.252	0.000207893786574881	0.0247394633247047	0.001	22.8881972479657	2.00000005491896e-05	0
"64"	0.24	0.0015821128288989	0.0318211639147967	146.682458042437	129.525333673604	2.00000000679461e-05	1497.75182198128
"65"	0.252	0.00164317768099564	0.127249834006234	0.001	0.0207503029926989	2e-05	7.62057233124453e-06
"66"	0.252	0.0015559068988388	0.140806668818548	0.001	0.232277329700721	2e-05	2.69633582101486e-06
"67"	0.24	0.00157301737961905	0.128055130217518	166.208638971518	127.681686623573	2.00000000060604e-05	1530.50467660715
"68"	0.252	0.00353912871069369	1.05696726165856	0.001	0.0217902672806655	2.00000000837227e-05	0
"69"	0.252	0.00225875823249816	0.76463176231275	0.001	0.212516853392261	2.00000001365834e-05	0
"70"	0.259	0.00156477165195321	1.92577853221627	0.001	0.0197575956675137	4.0601789794017e-05	549.350124876973
"71"	0.252	0.00182538728059244	3.33421890918167	0.00117413840562515	22.5246065756408	2.00947763744608e-05	22.4686047839891
"72"	0.252	0.0015175917097686	1.89448488354791	0.00128015136422955	21.8969843958903	2e-05	8.70002887237261e-06
"73"	0.241	0.0019856173318141	2.195055458143	0.385071615993778	20.5635295577112	2.02665136497471e-05	1455.6337385864
"74"	0.24	0.00175232115844392	3.02746453617254	1.01736750310872	1.26228024553091	2e-05	1497.7518247139
"75"	0.24	0.00172652191052341	2.06144192552713	0.684273020966779	20.1848841229352	2.02050441844046e-05	1339.98913852649
"76"	0.252	0.00547753576001179	9.53748503890302	0.001	0.0278923977236123	2.07695709547831e-05	7.41063002000207e-05
"77"	0.24	0.0021423855320793	2.70751746125375	20.542279968409	1.57628548904906	2.06671705914941e-05	1437.0361155181
"78"	0.252	0.00576309498507222	9.43666836398972	0.001	0.289090678100681	2.08967593166749e-05	41.0889810537977
"79"	0.24	0.00206189749848607	2.28151855481272	163.03847743911	13.9775690572749	2.00827763398312e-05	1518.35156410516
"80"	0.24	0.00203219554695469	2.56088701939053	99.9999957246969	15.7331921225259	2e-05	1482.71743026997
"81"	0.24	0.00160992211979892	8.22495758351445	0.579653317232134	0.0303465285061421	2.00557013170233e-05	1479.05632759968
"82"	0.252	0.0015546090130359	7.97656156908243	0.001	218.317157384247	2.00005783275786e-05	0
"83"	0.254	0.00565501843069766	0.00799922332981664	10.8808545338796	0.001	2.10364560885933e-05	17.6209749983266
"84"	0.252	0.00324470702256223	0.12885139560035	0.001	22.0773770028284	2.00000053605308e-05	0.000105014764719215
"85"	0.24	0.00558228051553013	0.508891669204518	20.8113160476239	0.015055010526712	2.05590860921218e-05	1413.43818109643
"86"	0.24	0.00588097101503445	0.186812863113275	15.5361135384602	0.0806827968724642	2.00675511125099e-05	1250.34956927725
"87"	0.24	0.00343769299385986	0.647455922181002	0.510943091321792	0.0277851417682842	2.01356178822973e-05	1302.20470947447
"88"	0.24	0.000429043485175962	0.0824818846953186	12.8125260093636	141.563058183866	2.00000036073339e-05	1251.79370819519
"89"	0.24	0.00322574076747641	0.653988477340159	101.248809826267	16.600296890209	2.00000000065383e-05	1530.50467731776
"90"	0.252	0.00346927224611328	2.13934741423708	0.00123609393389851	0.221348872825677	2.00109261820054e-05	17.5762605577914
"91"	0.24	0.00388824392948377	2.64771742207686	1.02151818618724	1.53970695698876	2.10979736382565e-05	1443.46236313746
"92"	0.254	0.00160023603912383	2.02234631457753	0.001	213.96632473289	2.04688689232158e-05	393.513762341977
"93"	0.252	0.00572277906764572	2.78829808165553	0.001	0.0191624269088096	2e-05	13.5532411391187
"94"	0.24	0.00431863789890751	3.57589949079664	3.7475194365878	0.188278949529033	2.02574397056113e-05	1513.83716587037
"95"	0.252	0.00352926134185104	2.21775537535205	0.001	22.6351529637396	2e-05	42.038438682476
"96"	0.24	0.000466128250762862	0.645031998757422	15.0182057356868	153.852826176612	2.01028483527174e-05	1252.54942302628
"97"	0.24	0.00337735185410694	2.27489355409994	131.092594599192	137.502213008354	2.01445028735503e-05	1503.82455915033
"98"	0.253	8.33405735058201e-05	8.55494735532047	0.00135283911558563	2.15623113650602	2.01041809791195e-05	138.141497101018
"99"	0.24	0.0011112707845642	0.00693147180559945	0.34250574941813	1.95154753587172	2.00767000566069e-05	1018.86287526733
"100"	0.24	0.00342326272720451	19.0009448227357	0.543070452226787	19.0903425973373	2e-05	1301.58926407152
