"X1"	"X2"	"X3"
"63"	0.000165474278457563	0.0130982357043191	2952.45838869502
"73"	0.000165474278457563	0.0130982357043191	1605.03633488782
"236"	0.000165474278457563	0.158966386096203	2028.38543517899
"464"	0.000165474278457563	1.92929127853107	685.125613021499
"641"	0.000165474278457563	23.4147918237474	79.7399060351855
"713"	0.000165474278457563	81.5711435670553	2732.75589266884
"765"	0.000165474278457563	81.5711435670553	897.49012178507
"1074"	0.000218245779851867	0.0130982357043191	80.4182891830539
"1107"	0.000218245779851867	0.0456309017459864	2504.80126368616
"1172"	0.000218245779851867	0.0456309017459864	2511.69718926322
"1256"	0.000218245779851867	0.158966386096203	2906.60678030767
"1267"	0.000218245779851867	0.158966386096203	1447.21571404343
"1393"	0.000218245779851867	0.553798214402148	1747.06041383044
"1579"	0.000218245779851867	6.72115716630525	3050.80993187922
"1590"	0.000218245779851867	6.72115716630525	297.012290837527
"1591"	0.000218245779851867	6.72115716630525	831.240115573705
"1610"	0.000218245779851867	23.4147918237474	1618.81206862977
"1632"	0.000218245779851867	23.4147918237474	510.035270982666
"1650"	0.000218245779851867	23.4147918237474	1518.44924053184
"1817"	0.000218245779851867	284.172992564844	839.220500891363
"1922"	0.000218245779851867	989.98599470259	1367.5432435548
"2032"	0.000287846672408152	0.0130982357043191	510.035270982666
"2055"	0.000287846672408152	0.0130982357043191	921.714353145472
"2072"	0.000287846672408152	0.0130982357043191	2511.69718926322
"2108"	0.000287846672408152	0.0456309017459864	1209.71924156577
"2111"	0.000287846672408152	0.0456309017459864	1402.54554036119
"2131"	0.000287846672408152	0.0456309017459864	52.3753101193449
"2139"	0.000287846672408152	0.0456309017459864	730.045381680643
"2146"	0.000287846672408152	0.0456309017459864	2786.83091931489
"2163"	0.000287846672408152	0.0456309017459864	2952.45838869502
"2361"	0.000287846672408152	0.553798214402148	2804.02397781799
"2611"	0.000287846672408152	23.4147918237474	1402.54554036119
"2704"	0.000287846672408152	81.5711435670553	1445.64836258703
"3240"	0.000379644027356148	0.158966386096203	3109.94421270629
"3258"	0.000379644027356148	0.158966386096203	897.499139914291
"3278"	0.000379644027356148	0.158966386096203	1162.18550587159
"3382"	0.000379644027356148	0.553798214402148	2153.81112760267
"3414"	0.000379644027356148	1.92929127853107	411.139309711123
"3418"	0.000379644027356148	1.92929127853107	1234.04290921454
"3547"	0.000379644027356148	6.72115716630525	2991.99856045318
"3577"	0.000379644027356148	6.72115716630525	2459.63749070741
"3903"	0.000379644027356148	989.98599470259	3045.59542076658
"4010"	0.000500716531830623	0.0130982357043191	1618.81206862977
"4075"	0.000500716531830623	0.0130982357043191	2936.85069922639
"4134"	0.000500716531830623	0.0456309017459864	2880.96445653341
"4136"	0.000500716531830623	0.0456309017459864	2028.38543517899
"4202"	0.000500716531830623	0.158966386096203	304.849151235077
"4304"	0.000500716531830623	0.553798214402148	1445.64836258703
"4450"	0.000500716531830623	1.92929127853107	1518.44924053184
"4480"	0.000500716531830623	1.92929127853107	971.160195253957
"4637"	0.000500716531830623	23.4147918237474	766.37941609303
"4689"	0.000500716531830623	23.4147918237474	2079.80149829289
"4821"	0.000500716531830623	284.172992564844	2962.31471674995
"5044"	0.000660400341326292	0.0130982357043191	1215.48931995012
"5072"	0.000660400341326292	0.0130982357043191	2511.69718926322
"5225"	0.000660400341326292	0.158966386096203	1424.09820866215
"5326"	0.000660400341326292	0.553798214402148	867.696938962542
"5347"	0.000660400341326292	0.553798214402148	2991.99856045318
"5393"	0.000660400341326292	0.553798214402148	1747.06041383044
"5589"	0.000660400341326292	6.72115716630525	2079.80149829289
"5824"	0.000660400341326292	284.172992564844	1230.82661797383
"5940"	0.000660400341326292	989.98599470259	3109.94421270629
"6017"	0.000871009010286504	0.0130982357043191	839.220500891363
"6101"	0.000871009010286504	0.0456309017459864	1828.56964463359
"6129"	0.000871009010286504	0.0456309017459864	1514.7453800139
"6206"	0.000871009010286504	0.158966386096203	902.440710834087
"6434"	0.000871009010286504	1.92929127853107	2880.96445653341
"6677"	0.000871009010286504	23.4147918237474	2459.63749070741
"6796"	0.000871009010286504	81.5711435670553	956.378391274958
"6964"	0.000871009010286504	989.98599470259	685.125613021499
"7009"	0.00114878301618781	0.0130982357043191	1639.00193613242
"7856"	0.00114878301618781	284.172992564844	2906.60678030767
"7942"	0.00114878301618781	989.98599470259	1447.33414377173
"7958"	0.00114878301618781	989.98599470259	897.499139914291
"8002"	0.00151514209691983	0.0130982357043191	304.849151235077
"8016"	0.00151514209691983	0.0130982357043191	474.584415462516
"8095"	0.00151514209691983	0.0130982357043191	1005.43651958179
"8185"	0.00151514209691983	0.0456309017459864	1129.58779619623
"8277"	0.00151514209691983	0.158966386096203	2459.63749070741
"8494"	0.00151514209691983	1.92929127853107	2786.76871521998
"8542"	0.00151514209691983	6.72115716630525	1447.33414377173
"8546"	0.00151514209691983	6.72115716630525	2786.83091931489
"8578"	0.00151514209691983	6.72115716630525	1162.18550587159
"8743"	0.00151514209691983	81.5711435670553	2466.77883508072
"8771"	0.00151514209691983	81.5711435670553	2314.56658424092
"8914"	0.00151514209691983	989.98599470259	411.139309711123
"9090"	0.00199833697183012	0.0130982357043191	297.012290837527
"9157"	0.00199833697183012	0.0456309017459864	2134.91909808829
"9313"	0.00199833697183012	0.553798214402148	2732.75589266884
"9438"	0.00199833697183012	1.92929127853107	2226.65624511651
"9467"	0.00199833697183012	1.92929127853107	1447.21571404343
"9529"	0.00199833697183012	6.72115716630525	1514.7453800139
"9556"	0.00199833697183012	6.72115716630525	2906.60678030767
"9572"	0.00199833697183012	6.72115716630525	2511.69718926322
"9573"	0.00199833697183012	6.72115716630525	1605.03633488782
"9641"	0.00199833697183012	23.4147918237474	79.7399060351855
"9748"	0.00199833697183012	81.5711435670553	1660.0148444799
"9770"	0.00199833697183012	81.5711435670553	2079.39026367994
"9832"	0.00199833697183012	284.172992564844	510.035270982666
"9918"	0.00199833697183012	989.98599470259	1234.04290921454
