"X1"	"X2"	"X3"	"X4"	"X5"	"X6"	"X7"
"1"	0.000150389659610405	0.0373121289946167	0.251188643150958	0.247023404688134	41.7680736638868	0.000371419769398222	5108.11481804582
"2"	0.000150389659610405	0.0373121289946167	3.98107170553497	0.0157169782301858	41.7680736638868	0.000179121245163954	1924.95864819841
"3"	0.000150389659610405	0.0373121289946167	63.0957344480193	61.0205624637177	0.0320785448934883	0.000371419769398222	2667.21822500022
"4"	0.000150389659610405	0.200851277932957	0.0158489319246111	0.0157169782301858	41.7680736638868	8.63831791212101e-05	2952.74493421783
"5"	0.000150389659610405	0.200851277932957	0.0158489319246111	61.0205624637177	0.0320785448934883	0.000179121245163954	2952.74493421783
"6"	0.000150389659610405	0.200851277932957	3.98107170553497	3.88246147382978	0.350287458865424	4.16592327071916e-05	2667.21822500022
"7"	0.000150389659610405	0.200851277932957	63.0957344480193	0.0157169782301858	3.82502710911004	8.63831791212101e-05	5108.11481804582
"8"	0.000150389659610405	1.08118290042154	0.251188643150958	0.247023404688134	0.350287458865424	0.000371419769398222	2667.21822500022
"9"	0.000150389659610405	1.08118290042154	0.251188643150958	3.88246147382978	0.350287458865424	8.63831791212101e-05	1924.95864819841
"10"	0.000150389659610405	1.08118290042154	3.98107170553497	3.88246147382978	0.350287458865424	0.000179121245163954	5108.11481804582
"11"	0.000150389659610405	1.08118290042154	3.98107170553497	61.0205624637177	3.82502710911004	0.000179121245163954	2667.21822500022
"12"	0.000150389659610405	1.08118290042154	63.0957344480193	0.247023404688134	0.0320785448934883	4.16592327071916e-05	5108.11481804582
"13"	0.000150389659610405	1.08118290042154	63.0957344480193	0.247023404688134	0.0320785448934883	8.63831791212101e-05	2667.21822500022
"14"	0.000150389659610405	5.82001009002349	0.0158489319246111	0.0157169782301858	3.82502710911004	0.000371419769398222	5108.11481804582
"15"	0.000150389659610405	5.82001009002349	0.251188643150958	3.88246147382978	0.0320785448934883	4.16592327071916e-05	2952.74493421783
"16"	0.000150389659610405	5.82001009002349	0.251188643150958	3.88246147382978	41.7680736638868	0.000371419769398222	5108.11481804582
"17"	0.000150389659610405	5.82001009002349	3.98107170553497	0.0157169782301858	41.7680736638868	0.000371419769398222	2667.21822500022
"18"	0.000150389659610405	5.82001009002349	3.98107170553497	3.88246147382978	0.350287458865424	4.16592327071916e-05	5108.11481804582
"19"	0.000150389659610405	5.82001009002349	3.98107170553497	3.88246147382978	41.7680736638868	0.000371419769398222	1924.95864819841
"20"	0.000150389659610405	5.82001009002349	63.0957344480193	0.247023404688134	41.7680736638868	0.000371419769398222	2667.21822500022
"21"	0.000150389659610405	5.82001009002349	63.0957344480193	3.88246147382978	3.82502710911004	0.000179121245163954	2667.21822500022
"22"	0.000150389659610405	5.82001009002349	63.0957344480193	3.88246147382978	41.7680736638868	8.63831791212101e-05	2952.74493421783
"23"	0.000376950828628893	0.0373121289946167	0.0158489319246111	0.0157169782301858	3.82502710911004	4.16592327071916e-05	2952.74493421783
"24"	0.000376950828628893	0.0373121289946167	0.0158489319246111	0.247023404688134	0.0320785448934883	8.63831791212101e-05	2952.74493421783
"25"	0.000376950828628893	0.0373121289946167	0.0158489319246111	3.88246147382978	0.350287458865424	4.16592327071916e-05	5108.11481804582
"26"	0.000376950828628893	0.0373121289946167	3.98107170553497	0.0157169782301858	3.82502710911004	0.000371419769398222	2952.74493421783
"27"	0.000376950828628893	0.0373121289946167	3.98107170553497	0.247023404688134	0.350287458865424	0.000371419769398222	2952.74493421783
"28"	0.000376950828628893	0.0373121289946167	3.98107170553497	0.247023404688134	41.7680736638868	8.63831791212101e-05	5108.11481804582
"29"	0.000376950828628893	0.0373121289946167	63.0957344480193	0.0157169782301858	41.7680736638868	0.000179121245163954	1924.95864819841
"30"	0.000376950828628893	0.200851277932957	0.0158489319246111	3.88246147382978	0.350287458865424	8.63831791212101e-05	2952.74493421783
"31"	0.000376950828628893	0.200851277932957	0.0158489319246111	61.0205624637177	41.7680736638868	4.16592327071916e-05	5108.11481804582
"32"	0.000376950828628893	0.200851277932957	3.98107170553497	3.88246147382978	0.350287458865424	0.000371419769398222	2667.21822500022
"33"	0.000376950828628893	0.200851277932957	3.98107170553497	61.0205624637177	0.350287458865424	0.000179121245163954	2952.74493421783
"34"	0.000376950828628893	0.200851277932957	3.98107170553497	61.0205624637177	3.82502710911004	0.000371419769398222	2952.74493421783
"35"	0.000376950828628893	1.08118290042154	0.0158489319246111	0.247023404688134	3.82502710911004	0.000179121245163954	2952.74493421783
"36"	0.000376950828628893	1.08118290042154	0.0158489319246111	61.0205624637177	3.82502710911004	0.000371419769398222	1924.95864819841
"37"	0.000376950828628893	1.08118290042154	0.251188643150958	0.247023404688134	3.82502710911004	8.63831791212101e-05	2952.74493421783
"38"	0.000376950828628893	1.08118290042154	0.251188643150958	0.247023404688134	41.7680736638868	8.63831791212101e-05	2667.21822500022
"39"	0.000376950828628893	1.08118290042154	0.251188643150958	3.88246147382978	3.82502710911004	8.63831791212101e-05	1924.95864819841
"40"	0.000376950828628893	1.08118290042154	0.251188643150958	61.0205624637177	0.0320785448934883	0.000179121245163954	5108.11481804582
"41"	0.000376950828628893	1.08118290042154	3.98107170553497	0.0157169782301858	3.82502710911004	4.16592327071916e-05	2667.21822500022
"42"	0.000376950828628893	1.08118290042154	3.98107170553497	61.0205624637177	3.82502710911004	4.16592327071916e-05	2667.21822500022
"43"	0.000376950828628893	1.08118290042154	63.0957344480193	0.0157169782301858	3.82502710911004	8.63831791212101e-05	1924.95864819841
"44"	0.000376950828628893	1.08118290042154	63.0957344480193	3.88246147382978	0.0320785448934883	0.000371419769398222	2952.74493421783
"45"	0.000376950828628893	1.08118290042154	63.0957344480193	61.0205624637177	41.7680736638868	4.16592327071916e-05	2952.74493421783
"46"	0.000376950828628893	5.82001009002349	3.98107170553497	0.0157169782301858	0.0320785448934883	0.000179121245163954	2667.21822500022
"47"	0.000376950828628893	5.82001009002349	63.0957344480193	0.0157169782301858	3.82502710911004	8.63831791212101e-05	1924.95864819841
"48"	0.000376950828628893	5.82001009002349	63.0957344480193	61.0205624637177	3.82502710911004	0.000371419769398222	5108.11481804582
"49"	0.00094482511345599	0.0373121289946167	0.0158489319246111	0.247023404688134	3.82502710911004	0.000371419769398222	2952.74493421783
"50"	0.00094482511345599	0.0373121289946167	0.0158489319246111	3.88246147382978	0.0320785448934883	0.000179121245163954	1924.95864819841
"51"	0.00094482511345599	0.0373121289946167	0.251188643150958	3.88246147382978	0.0320785448934883	0.000371419769398222	1924.95864819841
"52"	0.00094482511345599	0.200851277932957	0.0158489319246111	61.0205624637177	0.350287458865424	4.16592327071916e-05	2667.21822500022
"53"	0.00094482511345599	0.200851277932957	0.0158489319246111	61.0205624637177	3.82502710911004	4.16592327071916e-05	1924.95864819841
"54"	0.00094482511345599	0.200851277932957	3.98107170553497	0.0157169782301858	0.0320785448934883	0.000179121245163954	2667.21822500022
"55"	0.00094482511345599	0.200851277932957	3.98107170553497	61.0205624637177	0.0320785448934883	4.16592327071916e-05	5108.11481804582
"56"	0.00094482511345599	0.200851277932957	3.98107170553497	61.0205624637177	0.0320785448934883	0.000179121245163954	1924.95864819841
"57"	0.00094482511345599	0.200851277932957	63.0957344480193	3.88246147382978	3.82502710911004	0.000179121245163954	2667.21822500022
"58"	0.00094482511345599	1.08118290042154	0.251188643150958	0.0157169782301858	41.7680736638868	0.000371419769398222	2952.74493421783
"59"	0.00094482511345599	1.08118290042154	0.251188643150958	61.0205624637177	0.350287458865424	8.63831791212101e-05	2952.74493421783
"60"	0.00094482511345599	1.08118290042154	63.0957344480193	3.88246147382978	41.7680736638868	8.63831791212101e-05	2952.74493421783
"61"	0.00094482511345599	5.82001009002349	0.0158489319246111	0.247023404688134	3.82502710911004	8.63831791212101e-05	2667.21822500022
"62"	0.00094482511345599	5.82001009002349	0.0158489319246111	3.88246147382978	0.0320785448934883	0.000371419769398222	1924.95864819841
"63"	0.00094482511345599	5.82001009002349	0.0158489319246111	3.88246147382978	3.82502710911004	0.000371419769398222	5108.11481804582
"64"	0.00094482511345599	5.82001009002349	0.0158489319246111	61.0205624637177	0.0320785448934883	4.16592327071916e-05	5108.11481804582
"65"	0.00094482511345599	5.82001009002349	0.251188643150958	0.0157169782301858	0.0320785448934883	4.16592327071916e-05	1924.95864819841
"66"	0.00094482511345599	5.82001009002349	0.251188643150958	0.0157169782301858	0.0320785448934883	0.000371419769398222	2667.21822500022
"67"	0.00094482511345599	5.82001009002349	0.251188643150958	0.247023404688134	0.0320785448934883	0.000179121245163954	2667.21822500022
"68"	0.00094482511345599	5.82001009002349	0.251188643150958	0.247023404688134	41.7680736638868	0.000179121245163954	5108.11481804582
"69"	0.00094482511345599	5.82001009002349	63.0957344480193	0.0157169782301858	0.0320785448934883	0.000371419769398222	2667.21822500022
"70"	0.00094482511345599	5.82001009002349	63.0957344480193	0.247023404688134	0.0320785448934883	0.000179121245163954	5108.11481804582
"71"	0.00236819878673348	0.0373121289946167	0.0158489319246111	0.247023404688134	3.82502710911004	0.000371419769398222	5108.11481804582
"72"	0.00236819878673348	0.0373121289946167	0.0158489319246111	3.88246147382978	0.0320785448934883	4.16592327071916e-05	2952.74493421783
"73"	0.00236819878673348	0.0373121289946167	0.251188643150958	3.88246147382978	0.0320785448934883	4.16592327071916e-05	1924.95864819841
"74"	0.00236819878673348	0.0373121289946167	3.98107170553497	0.0157169782301858	0.0320785448934883	8.63831791212101e-05	1924.95864819841
"75"	0.00236819878673348	0.0373121289946167	3.98107170553497	0.0157169782301858	0.0320785448934883	0.000179121245163954	5108.11481804582
"76"	0.00236819878673348	0.0373121289946167	63.0957344480193	61.0205624637177	3.82502710911004	4.16592327071916e-05	1924.95864819841
"77"	0.00236819878673348	0.0373121289946167	63.0957344480193	61.0205624637177	41.7680736638868	8.63831791212101e-05	2667.21822500022
"78"	0.00236819878673348	0.200851277932957	0.251188643150958	0.247023404688134	41.7680736638868	0.000371419769398222	1924.95864819841
"79"	0.00236819878673348	0.200851277932957	0.251188643150958	3.88246147382978	0.350287458865424	4.16592327071916e-05	2667.21822500022
"80"	0.00236819878673348	0.200851277932957	0.251188643150958	61.0205624637177	41.7680736638868	4.16592327071916e-05	2952.74493421783
"81"	0.00236819878673348	0.200851277932957	3.98107170553497	61.0205624637177	41.7680736638868	0.000179121245163954	2952.74493421783
"82"	0.00236819878673348	0.200851277932957	63.0957344480193	3.88246147382978	0.0320785448934883	8.63831791212101e-05	5108.11481804582
"83"	0.00236819878673348	0.200851277932957	63.0957344480193	61.0205624637177	0.0320785448934883	0.000179121245163954	2667.21822500022
"84"	0.00236819878673348	1.08118290042154	0.0158489319246111	61.0205624637177	3.82502710911004	0.000371419769398222	2952.74493421783
"85"	0.00236819878673348	1.08118290042154	0.251188643150958	0.0157169782301858	41.7680736638868	0.000371419769398222	2667.21822500022
"86"	0.00236819878673348	1.08118290042154	0.251188643150958	61.0205624637177	0.350287458865424	8.63831791212101e-05	5108.11481804582
"87"	0.00236819878673348	1.08118290042154	3.98107170553497	0.247023404688134	3.82502710911004	0.000179121245163954	5108.11481804582
"88"	0.00236819878673348	1.08118290042154	63.0957344480193	0.0157169782301858	0.0320785448934883	0.000179121245163954	1924.95864819841
"89"	0.00236819878673348	1.08118290042154	63.0957344480193	0.0157169782301858	41.7680736638868	0.000371419769398222	1924.95864819841
"90"	0.00236819878673348	1.08118290042154	63.0957344480193	0.247023404688134	41.7680736638868	0.000179121245163954	5108.11481804582
"91"	0.00236819878673348	5.82001009002349	0.0158489319246111	0.0157169782301858	3.82502710911004	0.000371419769398222	2667.21822500022
"92"	0.00236819878673348	5.82001009002349	0.0158489319246111	0.0157169782301858	41.7680736638868	0.000179121245163954	2667.21822500022
"93"	0.00236819878673348	5.82001009002349	0.0158489319246111	0.247023404688134	41.7680736638868	0.000179121245163954	1924.95864819841
"94"	0.00236819878673348	5.82001009002349	0.0158489319246111	3.88246147382978	3.82502710911004	0.000371419769398222	5108.11481804582
"95"	0.00236819878673348	5.82001009002349	0.0158489319246111	3.88246147382978	41.7680736638868	8.63831791212101e-05	1924.95864819841
"96"	0.00236819878673348	5.82001009002349	0.0158489319246111	3.88246147382978	41.7680736638868	0.000371419769398222	1924.95864819841
"97"	0.00236819878673348	5.82001009002349	0.251188643150958	0.247023404688134	41.7680736638868	4.16592327071916e-05	2952.74493421783
"98"	0.00236819878673348	5.82001009002349	0.251188643150958	61.0205624637177	41.7680736638868	4.16592327071916e-05	2667.21822500022
"99"	0.00236819878673348	5.82001009002349	63.0957344480193	0.0157169782301858	0.0320785448934883	8.63831791212101e-05	2667.21822500022
"100"	0.00236819878673348	5.82001009002349	63.0957344480193	0.0157169782301858	3.82502710911004	8.63831791212101e-05	1924.95864819841
