"X1"	"X2"	"X3"	"X4"	"X5"	"X6"	"X7"
"1"	0.000150713185890575	0.0437346304380036	0.0806674708845285	0.0158438834384609	0.249529486633858	4.1508838681518e-05	1688.24333898016
"2"	0.000150713185890575	0.0437346304380036	0.0806674708845285	0.251028642411537	0.0157965023544409	8.61491844344144e-05	3973.04485054756
"3"	0.000150713185890575	0.0437346304380036	0.0806674708845285	63.0153793109792	0.0157965023544409	8.61491844344144e-05	3973.04485054756
"4"	0.000150713185890575	0.0437346304380036	0.84178053180824	0.251028642411537	0.249529486633858	8.61491844344144e-05	4153.67650038645
"5"	0.000150713185890575	0.0437346304380036	91.6641995354724	0.0158438834384609	62.2649646997565	0.000371084098935737	4153.67650038645
"6"	0.000150713185890575	0.0437346304380036	91.6641995354724	3.97726855008348	3.94169312311416	0.000178797629961622	3222.08736450478
"7"	0.000150713185890575	0.275946862829854	0.0806674708845285	63.0153793109792	0.249529486633858	0.000178797629961622	3222.08736450478
"8"	0.000150713185890575	0.275946862829854	0.0806674708845285	63.0153793109792	3.94169312311416	8.61491844344144e-05	4153.67650038645
"9"	0.000150713185890575	0.275946862829854	0.84178053180824	0.0158438834384609	3.94169312311416	4.1508838681518e-05	4153.67650038645
"10"	0.000150713185890575	0.275946862829854	0.84178053180824	63.0153793109792	0.249529486633858	8.61491844344144e-05	4153.67650038645
"11"	0.000150713185890575	0.275946862829854	8.78414131447956	0.0158438834384609	3.94169312311416	4.1508838681518e-05	3222.08736450478
"12"	0.000150713185890575	0.275946862829854	8.78414131447956	0.0158438834384609	3.94169312311416	0.000178797629961622	4153.67650038645
"13"	0.000150713185890575	0.275946862829854	8.78414131447956	0.251028642411537	3.94169312311416	4.1508838681518e-05	1688.24333898016
"14"	0.000150713185890575	0.275946862829854	8.78414131447956	63.0153793109792	0.249529486633858	0.000371084098935737	4153.67650038645
"15"	0.000150713185890575	0.275946862829854	91.6641995354724	0.251028642411537	0.0157965023544409	8.61491844344144e-05	4153.67650038645
"16"	0.000150713185890575	0.275946862829854	91.6641995354724	63.0153793109792	0.0157965023544409	4.1508838681518e-05	1688.24333898016
"17"	0.000150713185890575	1.74110699788765	0.0806674708845285	0.251028642411537	0.249529486633858	8.61491844344144e-05	1688.24333898016
"18"	0.000150713185890575	1.74110699788765	0.84178053180824	0.251028642411537	62.2649646997565	0.000371084098935737	4153.67650038645
"19"	0.000150713185890575	1.74110699788765	0.84178053180824	3.97726855008348	3.94169312311416	0.000371084098935737	3973.04485054756
"20"	0.000150713185890575	1.74110699788765	0.84178053180824	63.0153793109792	0.0157965023544409	4.1508838681518e-05	3222.08736450478
"21"	0.000150713185890575	1.74110699788765	8.78414131447956	0.251028642411537	0.249529486633858	4.1508838681518e-05	3973.04485054756
"22"	0.000150713185890575	1.74110699788765	91.6641995354724	0.0158438834384609	0.0157965023544409	0.000178797629961622	1688.24333898016
"23"	0.000150713185890575	1.74110699788765	91.6641995354724	0.251028642411537	0.0157965023544409	0.000178797629961622	3222.08736450478
"24"	0.000150713185890575	1.74110699788765	91.6641995354724	0.251028642411537	0.249529486633858	8.61491844344144e-05	4153.67650038645
"25"	0.000150713185890575	10.9856424784307	0.0806674708845285	0.251028642411537	0.249529486633858	0.000371084098935737	1688.24333898016
"26"	0.000150713185890575	10.9856424784307	0.0806674708845285	3.97726855008348	0.249529486633858	8.61491844344144e-05	3973.04485054756
"27"	0.000150713185890575	10.9856424784307	0.0806674708845285	3.97726855008348	62.2649646997565	4.1508838681518e-05	1688.24333898016
"28"	0.000150713185890575	10.9856424784307	0.0806674708845285	63.0153793109792	0.249529486633858	0.000178797629961622	4153.67650038645
"29"	0.000150713185890575	10.9856424784307	0.84178053180824	63.0153793109792	0.0157965023544409	0.000371084098935737	4153.67650038645
"30"	0.000150713185890575	10.9856424784307	91.6641995354724	0.0158438834384609	3.94169312311416	8.61491844344144e-05	3973.04485054756
"31"	0.000150713185890575	10.9856424784307	91.6641995354724	0.251028642411537	3.94169312311416	0.000371084098935737	3973.04485054756
"32"	0.000378574406688116	0.0437346304380036	0.0806674708845285	0.251028642411537	0.0157965023544409	0.000178797629961622	4153.67650038645
"33"	0.000378574406688116	0.0437346304380036	0.84178053180824	0.251028642411537	62.2649646997565	0.000371084098935737	1688.24333898016
"34"	0.000378574406688116	0.0437346304380036	91.6641995354724	63.0153793109792	0.249529486633858	8.61491844344144e-05	4153.67650038645
"35"	0.000378574406688116	0.275946862829854	0.84178053180824	3.97726855008348	62.2649646997565	4.1508838681518e-05	3222.08736450478
"36"	0.000378574406688116	0.275946862829854	8.78414131447956	63.0153793109792	0.0157965023544409	8.61491844344144e-05	4153.67650038645
"37"	0.000378574406688116	0.275946862829854	8.78414131447956	63.0153793109792	62.2649646997565	8.61491844344144e-05	4153.67650038645
"38"	0.000378574406688116	0.275946862829854	91.6641995354724	0.0158438834384609	62.2649646997565	8.61491844344144e-05	3222.08736450478
"39"	0.000378574406688116	0.275946862829854	91.6641995354724	3.97726855008348	0.249529486633858	0.000178797629961622	3222.08736450478
"40"	0.000378574406688116	1.74110699788765	0.0806674708845285	0.0158438834384609	0.0157965023544409	8.61491844344144e-05	3973.04485054756
"41"	0.000378574406688116	1.74110699788765	0.0806674708845285	3.97726855008348	0.0157965023544409	8.61491844344144e-05	3973.04485054756
"42"	0.000378574406688116	1.74110699788765	0.0806674708845285	3.97726855008348	62.2649646997565	8.61491844344144e-05	3973.04485054756
"43"	0.000378574406688116	1.74110699788765	0.84178053180824	3.97726855008348	0.0157965023544409	8.61491844344144e-05	1688.24333898016
"44"	0.000378574406688116	1.74110699788765	91.6641995354724	3.97726855008348	62.2649646997565	8.61491844344144e-05	1688.24333898016
"45"	0.000378574406688116	1.74110699788765	91.6641995354724	63.0153793109792	0.249529486633858	0.000371084098935737	3222.08736450478
"46"	0.000378574406688116	10.9856424784307	0.84178053180824	0.0158438834384609	62.2649646997565	0.000371084098935737	3973.04485054756
"47"	0.000378574406688116	10.9856424784307	0.84178053180824	0.251028642411537	62.2649646997565	0.000371084098935737	3973.04485054756
"48"	0.000378574406688116	10.9856424784307	8.78414131447956	0.251028642411537	0.249529486633858	0.000178797629961622	3222.08736450478
"49"	0.000378574406688116	10.9856424784307	91.6641995354724	3.97726855008348	3.94169312311416	8.61491844344144e-05	1688.24333898016
"50"	0.000378574406688116	10.9856424784307	91.6641995354724	63.0153793109792	0.0157965023544409	4.1508838681518e-05	4153.67650038645
"51"	0.000950935915476669	0.0437346304380036	0.0806674708845285	0.0158438834384609	0.249529486633858	0.000178797629961622	3222.08736450478
"52"	0.000950935915476669	0.0437346304380036	0.0806674708845285	3.97726855008348	62.2649646997565	0.000371084098935737	1688.24333898016
"53"	0.000950935915476669	0.0437346304380036	0.84178053180824	0.251028642411537	62.2649646997565	8.61491844344144e-05	3222.08736450478
"54"	0.000950935915476669	0.0437346304380036	0.84178053180824	3.97726855008348	0.0157965023544409	0.000178797629961622	3973.04485054756
"55"	0.000950935915476669	0.0437346304380036	8.78414131447956	0.0158438834384609	62.2649646997565	4.1508838681518e-05	1688.24333898016
"56"	0.000950935915476669	0.0437346304380036	8.78414131447956	63.0153793109792	0.249529486633858	8.61491844344144e-05	4153.67650038645
"57"	0.000950935915476669	0.0437346304380036	91.6641995354724	3.97726855008348	0.249529486633858	0.000178797629961622	3973.04485054756
"58"	0.000950935915476669	0.0437346304380036	91.6641995354724	3.97726855008348	3.94169312311416	8.61491844344144e-05	3973.04485054756
"59"	0.000950935915476669	0.275946862829854	0.0806674708845285	0.0158438834384609	0.0157965023544409	0.000371084098935737	3222.08736450478
"60"	0.000950935915476669	0.275946862829854	0.0806674708845285	63.0153793109792	3.94169312311416	8.61491844344144e-05	3973.04485054756
"61"	0.000950935915476669	0.275946862829854	0.84178053180824	3.97726855008348	0.0157965023544409	0.000178797629961622	3222.08736450478
"62"	0.000950935915476669	0.275946862829854	0.84178053180824	63.0153793109792	0.249529486633858	4.1508838681518e-05	4153.67650038645
"63"	0.000950935915476669	0.275946862829854	8.78414131447956	0.0158438834384609	0.0157965023544409	8.61491844344144e-05	4153.67650038645
"64"	0.000950935915476669	0.275946862829854	8.78414131447956	3.97726855008348	62.2649646997565	4.1508838681518e-05	4153.67650038645
"65"	0.000950935915476669	1.74110699788765	0.84178053180824	0.251028642411537	0.0157965023544409	0.000178797629961622	3973.04485054756
"66"	0.000950935915476669	1.74110699788765	0.84178053180824	63.0153793109792	0.249529486633858	0.000178797629961622	1688.24333898016
"67"	0.000950935915476669	1.74110699788765	8.78414131447956	0.0158438834384609	0.0157965023544409	0.000371084098935737	3973.04485054756
"68"	0.000950935915476669	1.74110699788765	8.78414131447956	63.0153793109792	3.94169312311416	0.000178797629961622	1688.24333898016
"69"	0.000950935915476669	1.74110699788765	8.78414131447956	63.0153793109792	62.2649646997565	0.000371084098935737	1688.24333898016
"70"	0.000950935915476669	1.74110699788765	91.6641995354724	0.0158438834384609	62.2649646997565	0.000371084098935737	1688.24333898016
"71"	0.000950935915476669	1.74110699788765	91.6641995354724	63.0153793109792	0.0157965023544409	4.1508838681518e-05	4153.67650038645
"72"	0.000950935915476669	1.74110699788765	91.6641995354724	63.0153793109792	0.0157965023544409	8.61491844344144e-05	3222.08736450478
"73"	0.000950935915476669	10.9856424784307	0.84178053180824	0.251028642411537	3.94169312311416	8.61491844344144e-05	3973.04485054756
"74"	0.000950935915476669	10.9856424784307	8.78414131447956	3.97726855008348	0.249529486633858	0.000371084098935737	4153.67650038645
"75"	0.000950935915476669	10.9856424784307	91.6641995354724	3.97726855008348	3.94169312311416	8.61491844344144e-05	4153.67650038645
"76"	0.00238864302332099	0.0437346304380036	8.78414131447956	0.0158438834384609	0.0157965023544409	8.61491844344144e-05	4153.67650038645
"77"	0.00238864302332099	0.0437346304380036	91.6641995354724	0.251028642411537	62.2649646997565	8.61491844344144e-05	3222.08736450478
"78"	0.00238864302332099	0.0437346304380036	91.6641995354724	63.0153793109792	0.249529486633858	4.1508838681518e-05	4153.67650038645
"79"	0.00238864302332099	0.0437346304380036	91.6641995354724	63.0153793109792	0.249529486633858	4.1508838681518e-05	3222.08736450478
"80"	0.00238864302332099	0.275946862829854	0.0806674708845285	0.0158438834384609	0.0157965023544409	8.61491844344144e-05	3973.04485054756
"81"	0.00238864302332099	0.275946862829854	0.84178053180824	63.0153793109792	0.249529486633858	4.1508838681518e-05	3973.04485054756
"82"	0.00238864302332099	0.275946862829854	0.84178053180824	63.0153793109792	0.249529486633858	8.61491844344144e-05	3222.08736450478
"83"	0.00238864302332099	0.275946862829854	8.78414131447956	3.97726855008348	0.249529486633858	0.000371084098935737	3973.04485054756
"84"	0.00238864302332099	0.275946862829854	91.6641995354724	0.0158438834384609	0.0157965023544409	0.000178797629961622	3973.04485054756
"85"	0.00238864302332099	0.275946862829854	91.6641995354724	3.97726855008348	62.2649646997565	4.1508838681518e-05	4153.67650038645
"86"	0.00238864302332099	1.74110699788765	0.0806674708845285	0.251028642411537	0.0157965023544409	0.000371084098935737	3222.08736450478
"87"	0.00238864302332099	1.74110699788765	0.0806674708845285	63.0153793109792	62.2649646997565	0.000371084098935737	3222.08736450478
"88"	0.00238864302332099	1.74110699788765	0.84178053180824	3.97726855008348	62.2649646997565	0.000371084098935737	3973.04485054756
"89"	0.00238864302332099	1.74110699788765	0.84178053180824	63.0153793109792	0.0157965023544409	0.000178797629961622	4153.67650038645
"90"	0.00238864302332099	1.74110699788765	91.6641995354724	0.251028642411537	3.94169312311416	0.000178797629961622	1688.24333898016
"91"	0.00238864302332099	10.9856424784307	0.0806674708845285	0.251028642411537	0.249529486633858	0.000371084098935737	4153.67650038645
"92"	0.00238864302332099	10.9856424784307	0.0806674708845285	0.251028642411537	3.94169312311416	4.1508838681518e-05	3222.08736450478
"93"	0.00238864302332099	10.9856424784307	0.0806674708845285	3.97726855008348	0.0157965023544409	4.1508838681518e-05	1688.24333898016
"94"	0.00238864302332099	10.9856424784307	0.84178053180824	0.0158438834384609	0.0157965023544409	4.1508838681518e-05	4153.67650038645
"95"	0.00238864302332099	10.9856424784307	0.84178053180824	0.0158438834384609	3.94169312311416	4.1508838681518e-05	3222.08736450478
"96"	0.00238864302332099	10.9856424784307	8.78414131447956	0.0158438834384609	0.249529486633858	0.000178797629961622	1688.24333898016
"97"	0.00238864302332099	10.9856424784307	8.78414131447956	3.97726855008348	62.2649646997565	8.61491844344144e-05	3973.04485054756
"98"	0.00238864302332099	10.9856424784307	8.78414131447956	63.0153793109792	0.0157965023544409	4.1508838681518e-05	4153.67650038645
"99"	0.00238864302332099	10.9856424784307	91.6641995354724	3.97726855008348	3.94169312311416	4.1508838681518e-05	3222.08736450478
"100"	0.00238864302332099	10.9856424784307	91.6641995354724	3.97726855008348	62.2649646997565	0.000371084098935737	3973.04485054756
