"X1"	"X2"	"X3"	"X4"	"X5"	"X6"	"X7"
"1"	0.000151177360336415	0.0436585191083004	0.0158489319246111	0.301700806687176	0.0181203343854661	4.47203834885576e-05	3287.15666896531
"2"	0.000151177360336415	0.0436585191083004	3.98107170553497	4.49746989907538	64.6441601298618	0.000163884219421531	4249.37117056904
"3"	0.000151177360336415	0.0436585191083004	63.0957344480193	0.0202387962117114	0.0181203343854661	4.47203834885576e-05	4249.37117056904
"4"	0.000151177360336415	0.0436585191083004	63.0957344480193	0.0202387962117114	0.0181203343854661	4.47203834885576e-05	3287.15666896531
"5"	0.000151177360336415	0.274987238524155	0.0158489319246111	0.0202387962117114	0.0181203343854661	0.000163884219421531	3462.21443360598
"6"	0.000151177360336415	0.274987238524155	0.0158489319246111	0.0202387962117114	0.276877227555802	8.5609375305826e-05	3462.21443360598
"7"	0.000151177360336415	0.274987238524155	0.0158489319246111	0.301700806687176	0.276877227555802	4.47203834885576e-05	2736.98614131931
"8"	0.000151177360336415	0.274987238524155	0.0158489319246111	67.0440219076446	0.276877227555802	4.47203834885576e-05	3287.15666896531
"9"	0.000151177360336415	0.274987238524155	0.0158489319246111	67.0440219076446	64.6441601298618	8.5609375305826e-05	3287.15666896531
"10"	0.000151177360336415	1.73203266843662	0.0158489319246111	0.0202387962117114	0.276877227555802	8.5609375305826e-05	4249.37117056904
"11"	0.000151177360336415	1.73203266843662	0.0158489319246111	4.49746989907538	0.276877227555802	4.47203834885576e-05	3462.21443360598
"12"	0.000151177360336415	1.73203266843662	0.251188643150958	0.0202387962117114	0.0181203343854661	4.47203834885576e-05	3287.15666896531
"13"	0.000151177360336415	1.73203266843662	3.98107170553497	0.301700806687176	0.276877227555802	0.000163884219421531	2736.98614131931
"14"	0.000151177360336415	1.73203266843662	3.98107170553497	67.0440219076446	0.276877227555802	4.47203834885576e-05	3287.15666896531
"15"	0.000151177360336415	1.73203266843662	63.0957344480193	0.0202387962117114	4.23066139444289	0.000163884219421531	3462.21443360598
"16"	0.000151177360336415	10.9093686697325	0.0158489319246111	0.0202387962117114	64.6441601298618	0.000313727757964106	2736.98614131931
"17"	0.000151177360336415	10.9093686697325	0.251188643150958	0.0202387962117114	64.6441601298618	4.47203834885576e-05	3287.15666896531
"18"	0.000151177360336415	10.9093686697325	0.251188643150958	4.49746989907538	0.0181203343854661	8.5609375305826e-05	3462.21443360598
"19"	0.000151177360336415	10.9093686697325	3.98107170553497	0.301700806687176	0.276877227555802	4.47203834885576e-05	2736.98614131931
"20"	0.000151177360336415	10.9093686697325	3.98107170553497	4.49746989907538	64.6441601298618	4.47203834885576e-05	3287.15666896531
"21"	0.000151177360336415	10.9093686697325	63.0957344480193	0.301700806687176	0.0181203343854661	0.000313727757964106	3462.21443360598
"22"	0.000151177360336415	10.9093686697325	63.0957344480193	67.0440219076446	4.23066139444289	4.47203834885576e-05	3462.21443360598
"23"	0.000379448535585662	0.0436585191083004	0.0158489319246111	0.301700806687176	4.23066139444289	0.000163884219421531	3287.15666896531
"24"	0.000379448535585662	0.0436585191083004	0.251188643150958	0.0202387962117114	4.23066139444289	8.5609375305826e-05	3462.21443360598
"25"	0.000379448535585662	0.0436585191083004	0.251188643150958	0.0202387962117114	64.6441601298618	4.47203834885576e-05	4249.37117056904
"26"	0.000379448535585662	0.0436585191083004	0.251188643150958	67.0440219076446	0.276877227555802	8.5609375305826e-05	4249.37117056904
"27"	0.000379448535585662	0.0436585191083004	3.98107170553497	0.301700806687176	64.6441601298618	0.000163884219421531	3462.21443360598
"28"	0.000379448535585662	0.0436585191083004	63.0957344480193	0.301700806687176	0.276877227555802	8.5609375305826e-05	3287.15666896531
"29"	0.000379448535585662	0.274987238524155	0.0158489319246111	4.49746989907538	64.6441601298618	4.47203834885576e-05	3462.21443360598
"30"	0.000379448535585662	0.274987238524155	0.251188643150958	67.0440219076446	4.23066139444289	0.000163884219421531	2736.98614131931
"31"	0.000379448535585662	0.274987238524155	3.98107170553497	0.301700806687176	4.23066139444289	0.000313727757964106	2736.98614131931
"32"	0.000379448535585662	0.274987238524155	3.98107170553497	0.301700806687176	64.6441601298618	0.000313727757964106	3462.21443360598
"33"	0.000379448535585662	0.274987238524155	63.0957344480193	0.301700806687176	0.0181203343854661	4.47203834885576e-05	3462.21443360598
"34"	0.000379448535585662	0.274987238524155	63.0957344480193	4.49746989907538	0.0181203343854661	0.000163884219421531	4249.37117056904
"35"	0.000379448535585662	1.73203266843662	0.0158489319246111	0.0202387962117114	64.6441601298618	8.5609375305826e-05	3287.15666896531
"36"	0.000379448535585662	1.73203266843662	3.98107170553497	0.301700806687176	0.0181203343854661	4.47203834885576e-05	2736.98614131931
"37"	0.000379448535585662	1.73203266843662	3.98107170553497	0.301700806687176	0.0181203343854661	8.5609375305826e-05	2736.98614131931
"38"	0.000379448535585662	1.73203266843662	63.0957344480193	0.0202387962117114	4.23066139444289	4.47203834885576e-05	3287.15666896531
"39"	0.000379448535585662	1.73203266843662	63.0957344480193	67.0440219076446	0.276877227555802	0.000163884219421531	4249.37117056904
"40"	0.000379448535585662	10.9093686697325	0.0158489319246111	4.49746989907538	0.0181203343854661	0.000163884219421531	2736.98614131931
"41"	0.000379448535585662	10.9093686697325	0.0158489319246111	67.0440219076446	4.23066139444289	8.5609375305826e-05	3287.15666896531
"42"	0.000379448535585662	10.9093686697325	0.251188643150958	0.0202387962117114	4.23066139444289	0.000163884219421531	3462.21443360598
"43"	0.000379448535585662	10.9093686697325	3.98107170553497	4.49746989907538	0.276877227555802	4.47203834885576e-05	2736.98614131931
"44"	0.000952399161076116	0.0436585191083004	0.0158489319246111	0.0202387962117114	4.23066139444289	4.47203834885576e-05	3287.15666896531
"45"	0.000952399161076116	0.0436585191083004	0.0158489319246111	67.0440219076446	0.0181203343854661	0.000163884219421531	2736.98614131931
"46"	0.000952399161076116	0.0436585191083004	0.0158489319246111	67.0440219076446	4.23066139444289	8.5609375305826e-05	2736.98614131931
"47"	0.000952399161076116	0.0436585191083004	0.251188643150958	4.49746989907538	0.0181203343854661	8.5609375305826e-05	3287.15666896531
"48"	0.000952399161076116	0.0436585191083004	3.98107170553497	4.49746989907538	0.276877227555802	0.000313727757964106	3462.21443360598
"49"	0.000952399161076116	0.0436585191083004	63.0957344480193	0.0202387962117114	4.23066139444289	0.000313727757964106	4249.37117056904
"50"	0.000952399161076116	0.0436585191083004	63.0957344480193	0.0202387962117114	4.23066139444289	0.000313727757964106	2736.98614131931
"51"	0.000952399161076116	0.0436585191083004	63.0957344480193	4.49746989907538	0.0181203343854661	8.5609375305826e-05	2736.98614131931
"52"	0.000952399161076116	0.0436585191083004	63.0957344480193	67.0440219076446	0.276877227555802	0.000313727757964106	3462.21443360598
"53"	0.000952399161076116	0.274987238524155	0.0158489319246111	0.0202387962117114	0.0181203343854661	0.000313727757964106	3462.21443360598
"54"	0.000952399161076116	0.274987238524155	0.0158489319246111	0.301700806687176	4.23066139444289	0.000163884219421531	2736.98614131931
"55"	0.000952399161076116	0.274987238524155	0.251188643150958	0.301700806687176	0.0181203343854661	4.47203834885576e-05	4249.37117056904
"56"	0.000952399161076116	0.274987238524155	0.251188643150958	0.301700806687176	4.23066139444289	8.5609375305826e-05	2736.98614131931
"57"	0.000952399161076116	1.73203266843662	0.0158489319246111	67.0440219076446	0.276877227555802	4.47203834885576e-05	3462.21443360598
"58"	0.000952399161076116	1.73203266843662	0.251188643150958	4.49746989907538	0.276877227555802	4.47203834885576e-05	3462.21443360598
"59"	0.000952399161076116	1.73203266843662	3.98107170553497	0.0202387962117114	64.6441601298618	0.000313727757964106	3462.21443360598
"60"	0.000952399161076116	1.73203266843662	3.98107170553497	4.49746989907538	0.0181203343854661	8.5609375305826e-05	3462.21443360598
"61"	0.000952399161076116	1.73203266843662	3.98107170553497	4.49746989907538	4.23066139444289	4.47203834885576e-05	3287.15666896531
"62"	0.000952399161076116	1.73203266843662	3.98107170553497	4.49746989907538	64.6441601298618	4.47203834885576e-05	2736.98614131931
"63"	0.000952399161076116	1.73203266843662	3.98107170553497	67.0440219076446	64.6441601298618	0.000163884219421531	3287.15666896531
"64"	0.000952399161076116	1.73203266843662	63.0957344480193	0.0202387962117114	0.0181203343854661	4.47203834885576e-05	3462.21443360598
"65"	0.000952399161076116	1.73203266843662	63.0957344480193	0.0202387962117114	0.0181203343854661	8.5609375305826e-05	4249.37117056904
"66"	0.000952399161076116	1.73203266843662	63.0957344480193	0.301700806687176	0.0181203343854661	4.47203834885576e-05	3287.15666896531
"67"	0.000952399161076116	1.73203266843662	63.0957344480193	67.0440219076446	4.23066139444289	0.000163884219421531	3462.21443360598
"68"	0.000952399161076116	10.9093686697325	0.0158489319246111	0.0202387962117114	0.0181203343854661	0.000163884219421531	3287.15666896531
"69"	0.000952399161076116	10.9093686697325	0.0158489319246111	0.301700806687176	0.276877227555802	4.47203834885576e-05	4249.37117056904
"70"	0.000952399161076116	10.9093686697325	0.0158489319246111	4.49746989907538	0.0181203343854661	8.5609375305826e-05	2736.98614131931
"71"	0.000952399161076116	10.9093686697325	0.251188643150958	0.0202387962117114	64.6441601298618	8.5609375305826e-05	2736.98614131931
"72"	0.000952399161076116	10.9093686697325	3.98107170553497	0.0202387962117114	64.6441601298618	4.47203834885576e-05	4249.37117056904
"73"	0.000952399161076116	10.9093686697325	63.0957344480193	0.301700806687176	0.276877227555802	0.000313727757964106	3462.21443360598
"74"	0.000952399161076116	10.9093686697325	63.0957344480193	67.0440219076446	0.0181203343854661	4.47203834885576e-05	3462.21443360598
"75"	0.00239048007029063	0.0436585191083004	0.251188643150958	67.0440219076446	4.23066139444289	4.47203834885576e-05	4249.37117056904
"76"	0.00239048007029063	0.0436585191083004	3.98107170553497	0.0202387962117114	64.6441601298618	0.000313727757964106	4249.37117056904
"77"	0.00239048007029063	0.0436585191083004	3.98107170553497	67.0440219076446	0.0181203343854661	0.000313727757964106	4249.37117056904
"78"	0.00239048007029063	0.0436585191083004	3.98107170553497	67.0440219076446	64.6441601298618	0.000313727757964106	3462.21443360598
"79"	0.00239048007029063	0.0436585191083004	63.0957344480193	0.0202387962117114	64.6441601298618	4.47203834885576e-05	3462.21443360598
"80"	0.00239048007029063	0.274987238524155	0.0158489319246111	4.49746989907538	64.6441601298618	0.000163884219421531	4249.37117056904
"81"	0.00239048007029063	0.274987238524155	0.0158489319246111	67.0440219076446	4.23066139444289	4.47203834885576e-05	4249.37117056904
"82"	0.00239048007029063	0.274987238524155	0.251188643150958	0.0202387962117114	0.0181203343854661	0.000313727757964106	2736.98614131931
"83"	0.00239048007029063	0.274987238524155	0.251188643150958	0.301700806687176	0.276877227555802	4.47203834885576e-05	4249.37117056904
"84"	0.00239048007029063	0.274987238524155	3.98107170553497	0.301700806687176	0.276877227555802	4.47203834885576e-05	3287.15666896531
"85"	0.00239048007029063	0.274987238524155	3.98107170553497	0.301700806687176	4.23066139444289	4.47203834885576e-05	3287.15666896531
"86"	0.00239048007029063	0.274987238524155	3.98107170553497	4.49746989907538	0.276877227555802	0.000313727757964106	2736.98614131931
"87"	0.00239048007029063	0.274987238524155	3.98107170553497	4.49746989907538	4.23066139444289	4.47203834885576e-05	4249.37117056904
"88"	0.00239048007029063	0.274987238524155	3.98107170553497	67.0440219076446	0.0181203343854661	8.5609375305826e-05	2736.98614131931
"89"	0.00239048007029063	0.274987238524155	63.0957344480193	0.0202387962117114	0.276877227555802	0.000163884219421531	3462.21443360598
"90"	0.00239048007029063	0.274987238524155	63.0957344480193	4.49746989907538	4.23066139444289	4.47203834885576e-05	3462.21443360598
"91"	0.00239048007029063	1.73203266843662	0.0158489319246111	0.0202387962117114	0.276877227555802	0.000313727757964106	2736.98614131931
"92"	0.00239048007029063	1.73203266843662	0.0158489319246111	0.0202387962117114	64.6441601298618	0.000313727757964106	3462.21443360598
"93"	0.00239048007029063	1.73203266843662	0.251188643150958	67.0440219076446	0.0181203343854661	4.47203834885576e-05	3287.15666896531
"94"	0.00239048007029063	1.73203266843662	0.251188643150958	67.0440219076446	0.0181203343854661	0.000163884219421531	3287.15666896531
"95"	0.00239048007029063	1.73203266843662	0.251188643150958	67.0440219076446	64.6441601298618	0.000313727757964106	3287.15666896531
"96"	0.00239048007029063	1.73203266843662	63.0957344480193	0.0202387962117114	4.23066139444289	0.000163884219421531	4249.37117056904
"97"	0.00239048007029063	10.9093686697325	0.0158489319246111	4.49746989907538	4.23066139444289	0.000163884219421531	4249.37117056904
"98"	0.00239048007029063	10.9093686697325	0.251188643150958	4.49746989907538	4.23066139444289	8.5609375305826e-05	4249.37117056904
"99"	0.00239048007029063	10.9093686697325	3.98107170553497	0.0202387962117114	4.23066139444289	4.47203834885576e-05	3287.15666896531
"100"	0.00239048007029063	10.9093686697325	63.0957344480193	67.0440219076446	64.6441601298618	0.000313727757964106	3462.21443360598
