"X1"	"X2"	"X3"	"X4"	"X5"	"X6"	"X7"
"1"	0.000154142350345184	0.0346200043919435	0.0266598799367291	2.74521366457973	3.47897775726966	7.16669922984873e-05	2002.4823689523
"2"	0.000154142350345184	0.0346200043919435	0.0266598799367291	38.4386567420381	0.0177067805834895	3.78594749827536e-05	2002.4823689523
"3"	0.000154142350345184	0.0346200043919435	0.0266598799367291	38.4386567420381	48.7649378799712	0.000256807889255571	4792.97716832779
"4"	0.000154142350345184	0.0346200043919435	4.9644440725569	0.196057789291928	48.7649378799712	0.000135663735100688	4792.97716832779
"5"	0.000154142350345184	0.0346200043919435	4.9644440725569	2.74521366457973	0.0177067805834895	0.000135663735100688	2446.43539113148
"6"	0.000154142350345184	0.0346200043919435	4.9644440725569	38.4386567420381	3.47897775726966	0.000135663735100688	4792.97716832779
"7"	0.000154142350345184	0.0346200043919435	67.7449363538457	0.196057789291928	48.7649378799712	0.000135663735100688	4792.97716832779
"8"	0.000154142350345184	0.0346200043919435	67.7449363538457	38.4386567420381	48.7649378799712	3.78594749827536e-05	2446.43539113148
"9"	0.000154142350345184	0.172913450088618	0.0266598799367291	0.196057789291928	0.0177067805834895	0.000135663735100688	4792.97716832779
"10"	0.000154142350345184	0.172913450088618	0.0266598799367291	2.74521366457973	3.47897775726966	3.78594749827536e-05	3802.18058135994
"11"	0.000154142350345184	0.172913450088618	4.9644440725569	0.0140020637511735	48.7649378799712	7.16669922984873e-05	3802.18058135994
"12"	0.000154142350345184	0.172913450088618	4.9644440725569	38.4386567420381	3.47897775726966	7.16669922984873e-05	3802.18058135994
"13"	0.000154142350345184	0.172913450088618	67.7449363538457	0.196057789291928	3.47897775726966	3.78594749827536e-05	3802.18058135994
"14"	0.000154142350345184	0.172913450088618	67.7449363538457	0.196057789291928	48.7649378799712	0.000135663735100688	4792.97716832779
"15"	0.000154142350345184	0.863635396548561	0.0266598799367291	0.0140020637511735	0.0177067805834895	0.000135663735100688	2446.43539113148
"16"	0.000154142350345184	0.863635396548561	0.0266598799367291	2.74521366457973	48.7649378799712	3.78594749827536e-05	2002.4823689523
"17"	0.000154142350345184	0.863635396548561	0.363801433376744	0.196057789291928	48.7649378799712	0.000135663735100688	2446.43539113148
"18"	0.000154142350345184	0.863635396548561	0.363801433376744	2.74521366457973	3.47897775726966	0.000135663735100688	4792.97716832779
"19"	0.000154142350345184	0.863635396548561	0.363801433376744	2.74521366457973	48.7649378799712	7.16669922984873e-05	2446.43539113148
"20"	0.000154142350345184	0.863635396548561	0.363801433376744	38.4386567420381	0.0177067805834895	3.78594749827536e-05	3802.18058135994
"21"	0.000154142350345184	0.863635396548561	4.9644440725569	0.0140020637511735	0.0177067805834895	0.000135663735100688	2002.4823689523
"22"	0.000154142350345184	0.863635396548561	4.9644440725569	38.4386567420381	0.248196486282168	3.78594749827536e-05	2002.4823689523
"23"	0.000154142350345184	0.863635396548561	4.9644440725569	38.4386567420381	3.47897775726966	3.78594749827536e-05	2002.4823689523
"24"	0.000154142350345184	0.863635396548561	67.7449363538457	0.0140020637511735	0.0177067805834895	0.000135663735100688	2002.4823689523
"25"	0.000154142350345184	4.31352273515643	0.363801433376744	2.74521366457973	0.0177067805834895	3.78594749827536e-05	4792.97716832779
"26"	0.000154142350345184	4.31352273515643	0.363801433376744	2.74521366457973	3.47897775726966	0.000256807889255571	2446.43539113148
"27"	0.000154142350345184	4.31352273515643	4.9644440725569	0.0140020637511735	0.0177067805834895	7.16669922984873e-05	2446.43539113148
"28"	0.000154142350345184	4.31352273515643	4.9644440725569	0.0140020637511735	3.47897775726966	0.000256807889255571	4792.97716832779
"29"	0.000154142350345184	4.31352273515643	4.9644440725569	0.0140020637511735	3.47897775726966	0.000256807889255571	2002.4823689523
"30"	0.000154142350345184	4.31352273515643	67.7449363538457	0.0140020637511735	3.47897775726966	3.78594749827536e-05	2002.4823689523
"31"	0.000154142350345184	4.31352273515643	67.7449363538457	0.196057789291928	0.0177067805834895	7.16669922984873e-05	3802.18058135994
"32"	0.000154142350345184	4.31352273515643	67.7449363538457	0.196057789291928	48.7649378799712	0.000135663735100688	2446.43539113148
"33"	0.000384835786315236	0.0346200043919435	0.0266598799367291	0.0140020637511735	0.0177067805834895	0.000135663735100688	4792.97716832779
"34"	0.000384835786315236	0.0346200043919435	0.0266598799367291	38.4386567420381	0.0177067805834895	7.16669922984873e-05	2002.4823689523
"35"	0.000384835786315236	0.0346200043919435	0.363801433376744	38.4386567420381	0.248196486282168	7.16669922984873e-05	3802.18058135994
"36"	0.000384835786315236	0.0346200043919435	4.9644440725569	0.196057789291928	3.47897775726966	0.000256807889255571	2002.4823689523
"37"	0.000384835786315236	0.0346200043919435	4.9644440725569	0.196057789291928	48.7649378799712	3.78594749827536e-05	4792.97716832779
"38"	0.000384835786315236	0.0346200043919435	4.9644440725569	0.196057789291928	48.7649378799712	7.16669922984873e-05	4792.97716832779
"39"	0.000384835786315236	0.0346200043919435	4.9644440725569	38.4386567420381	0.248196486282168	3.78594749827536e-05	2002.4823689523
"40"	0.000384835786315236	0.0346200043919435	67.7449363538457	2.74521366457973	3.47897775726966	0.000256807889255571	2002.4823689523
"41"	0.000384835786315236	0.0346200043919435	67.7449363538457	38.4386567420381	48.7649378799712	3.78594749827536e-05	3802.18058135994
"42"	0.000384835786315236	0.172913450088618	0.363801433376744	0.0140020637511735	0.248196486282168	0.000256807889255571	4792.97716832779
"43"	0.000384835786315236	0.172913450088618	0.363801433376744	0.0140020637511735	48.7649378799712	0.000256807889255571	2446.43539113148
"44"	0.000384835786315236	0.172913450088618	4.9644440725569	38.4386567420381	0.0177067805834895	0.000135663735100688	3802.18058135994
"45"	0.000384835786315236	0.172913450088618	67.7449363538457	0.0140020637511735	0.248196486282168	0.000135663735100688	2002.4823689523
"46"	0.000384835786315236	0.172913450088618	67.7449363538457	0.0140020637511735	3.47897775726966	7.16669922984873e-05	2002.4823689523
"47"	0.000384835786315236	0.863635396548561	0.0266598799367291	2.74521366457973	0.248196486282168	0.000256807889255571	2446.43539113148
"48"	0.000384835786315236	0.863635396548561	0.0266598799367291	38.4386567420381	48.7649378799712	0.000135663735100688	3802.18058135994
"49"	0.000384835786315236	0.863635396548561	0.0266598799367291	38.4386567420381	48.7649378799712	0.000256807889255571	2002.4823689523
"50"	0.000384835786315236	0.863635396548561	0.363801433376744	2.74521366457973	3.47897775726966	7.16669922984873e-05	4792.97716832779
"51"	0.000384835786315236	0.863635396548561	0.363801433376744	38.4386567420381	48.7649378799712	0.000135663735100688	4792.97716832779
"52"	0.000384835786315236	0.863635396548561	4.9644440725569	0.0140020637511735	3.47897775726966	0.000256807889255571	2446.43539113148
"53"	0.000384835786315236	0.863635396548561	4.9644440725569	0.0140020637511735	48.7649378799712	7.16669922984873e-05	2002.4823689523
"54"	0.000384835786315236	0.863635396548561	4.9644440725569	0.196057789291928	48.7649378799712	0.000256807889255571	3802.18058135994
"55"	0.000384835786315236	0.863635396548561	67.7449363538457	0.0140020637511735	0.248196486282168	3.78594749827536e-05	4792.97716832779
"56"	0.000384835786315236	4.31352273515643	0.0266598799367291	0.0140020637511735	3.47897775726966	0.000256807889255571	2002.4823689523
"57"	0.000384835786315236	4.31352273515643	0.363801433376744	0.0140020637511735	0.248196486282168	3.78594749827536e-05	4792.97716832779
"58"	0.000384835786315236	4.31352273515643	0.363801433376744	0.196057789291928	0.0177067805834895	0.000135663735100688	2002.4823689523
"59"	0.000960790996745643	0.0346200043919435	0.363801433376744	38.4386567420381	48.7649378799712	3.78594749827536e-05	3802.18058135994
"60"	0.000960790996745643	0.0346200043919435	4.9644440725569	0.0140020637511735	0.248196486282168	0.000256807889255571	2002.4823689523
"61"	0.000960790996745643	0.0346200043919435	4.9644440725569	2.74521366457973	0.0177067805834895	0.000256807889255571	2446.43539113148
"62"	0.000960790996745643	0.0346200043919435	4.9644440725569	38.4386567420381	3.47897775726966	7.16669922984873e-05	4792.97716832779
"63"	0.000960790996745643	0.172913450088618	0.0266598799367291	38.4386567420381	0.0177067805834895	0.000135663735100688	2002.4823689523
"64"	0.000960790996745643	0.172913450088618	0.363801433376744	38.4386567420381	3.47897775726966	0.000256807889255571	2002.4823689523
"65"	0.000960790996745643	0.172913450088618	67.7449363538457	0.0140020637511735	0.248196486282168	7.16669922984873e-05	4792.97716832779
"66"	0.000960790996745643	0.172913450088618	67.7449363538457	38.4386567420381	3.47897775726966	3.78594749827536e-05	4792.97716832779
"67"	0.000960790996745643	0.863635396548561	0.363801433376744	2.74521366457973	0.248196486282168	3.78594749827536e-05	4792.97716832779
"68"	0.000960790996745643	0.863635396548561	0.363801433376744	38.4386567420381	48.7649378799712	0.000256807889255571	2002.4823689523
"69"	0.000960790996745643	0.863635396548561	4.9644440725569	38.4386567420381	0.248196486282168	0.000135663735100688	2446.43539113148
"70"	0.000960790996745643	0.863635396548561	67.7449363538457	2.74521366457973	3.47897775726966	0.000135663735100688	3802.18058135994
"71"	0.000960790996745643	4.31352273515643	0.0266598799367291	0.0140020637511735	0.0177067805834895	3.78594749827536e-05	3802.18058135994
"72"	0.000960790996745643	4.31352273515643	0.0266598799367291	0.0140020637511735	0.248196486282168	0.000256807889255571	4792.97716832779
"73"	0.000960790996745643	4.31352273515643	0.0266598799367291	0.196057789291928	3.47897775726966	0.000135663735100688	2002.4823689523
"74"	0.000960790996745643	4.31352273515643	0.0266598799367291	2.74521366457973	0.0177067805834895	0.000256807889255571	3802.18058135994
"75"	0.000960790996745643	4.31352273515643	0.363801433376744	38.4386567420381	0.248196486282168	0.000256807889255571	3802.18058135994
"76"	0.000960790996745643	4.31352273515643	4.9644440725569	2.74521366457973	3.47897775726966	0.000256807889255571	4792.97716832779
"77"	0.00239873570040422	0.0346200043919435	0.0266598799367291	38.4386567420381	48.7649378799712	3.78594749827536e-05	2446.43539113148
"78"	0.00239873570040422	0.0346200043919435	0.363801433376744	0.196057789291928	0.248196486282168	0.000135663735100688	2446.43539113148
"79"	0.00239873570040422	0.0346200043919435	0.363801433376744	0.196057789291928	48.7649378799712	3.78594749827536e-05	4792.97716832779
"80"	0.00239873570040422	0.0346200043919435	4.9644440725569	2.74521366457973	0.248196486282168	0.000135663735100688	2002.4823689523
"81"	0.00239873570040422	0.0346200043919435	4.9644440725569	2.74521366457973	3.47897775726966	3.78594749827536e-05	2446.43539113148
"82"	0.00239873570040422	0.0346200043919435	67.7449363538457	2.74521366457973	0.248196486282168	0.000135663735100688	3802.18058135994
"83"	0.00239873570040422	0.0346200043919435	67.7449363538457	38.4386567420381	3.47897775726966	0.000135663735100688	3802.18058135994
"84"	0.00239873570040422	0.172913450088618	0.0266598799367291	2.74521366457973	0.0177067805834895	0.000135663735100688	3802.18058135994
"85"	0.00239873570040422	0.172913450088618	0.363801433376744	0.0140020637511735	0.248196486282168	7.16669922984873e-05	2002.4823689523
"86"	0.00239873570040422	0.172913450088618	4.9644440725569	0.196057789291928	3.47897775726966	0.000135663735100688	2446.43539113148
"87"	0.00239873570040422	0.172913450088618	4.9644440725569	2.74521366457973	0.248196486282168	0.000135663735100688	4792.97716832779
"88"	0.00239873570040422	0.172913450088618	67.7449363538457	2.74521366457973	0.0177067805834895	3.78594749827536e-05	4792.97716832779
"89"	0.00239873570040422	0.172913450088618	67.7449363538457	38.4386567420381	3.47897775726966	7.16669922984873e-05	2002.4823689523
"90"	0.00239873570040422	0.863635396548561	0.0266598799367291	0.0140020637511735	0.248196486282168	0.000256807889255571	3802.18058135994
"91"	0.00239873570040422	0.863635396548561	0.0266598799367291	0.196057789291928	0.248196486282168	0.000256807889255571	3802.18058135994
"92"	0.00239873570040422	0.863635396548561	0.0266598799367291	38.4386567420381	0.0177067805834895	0.000256807889255571	2002.4823689523
"93"	0.00239873570040422	0.863635396548561	4.9644440725569	2.74521366457973	0.248196486282168	3.78594749827536e-05	3802.18058135994
"94"	0.00239873570040422	0.863635396548561	67.7449363538457	0.196057789291928	0.248196486282168	7.16669922984873e-05	4792.97716832779
"95"	0.00239873570040422	4.31352273515643	0.0266598799367291	0.0140020637511735	0.0177067805834895	0.000256807889255571	3802.18058135994
"96"	0.00239873570040422	4.31352273515643	0.363801433376744	2.74521366457973	0.0177067805834895	7.16669922984873e-05	3802.18058135994
"97"	0.00239873570040422	4.31352273515643	4.9644440725569	38.4386567420381	0.0177067805834895	3.78594749827536e-05	3802.18058135994
"98"	0.00239873570040422	4.31352273515643	4.9644440725569	38.4386567420381	48.7649378799712	3.78594749827536e-05	2446.43539113148
"99"	0.00239873570040422	4.31352273515643	67.7449363538457	0.0140020637511735	0.0177067805834895	0.000256807889255571	3802.18058135994
"100"	0.00239873570040422	4.31352273515643	67.7449363538457	0.196057789291928	0.0177067805834895	3.78594749827536e-05	2002.4823689523
