"X1"	"X2"	"X3"	"X4"	"X5"	"X6"	"X7"
"1"	0.000150713185890575	0.0354042330598067	3.97918794919979	0.150037466444991	79.2710472238297	0.000465921623663076	1618.37938459776
"2"	0.000150713185890575	0.0354042330598067	3.97918794919979	1.8378056526113	0.053262096412141	0.000362391359207864	1618.37938459776
"3"	0.000150713185890575	0.0354042330598067	3.97918794919979	1.8378056526113	6.943031716583	0.000281866070512089	1618.37938459776
"4"	0.000150713185890575	0.0354042330598067	3.97918794919979	22.5112413372319	6.943031716583	0.000599029071419775	1618.37938459776
"5"	0.000150713185890575	0.0354042330598067	63.0559302197875	1.8378056526113	0.053262096412141	0.000281866070512089	158.995865021869
"6"	0.000150713185890575	0.0354042330598067	63.0559302197875	1.8378056526113	0.60811218100051	0.000599029071419775	1423.55637403772
"7"	0.000150713185890575	0.0354042330598067	63.0559302197875	1.8378056526113	79.2710472238297	0.000281866070512089	158.995865021869
"8"	0.000150713185890575	0.0354042330598067	63.0559302197875	1.8378056526113	79.2710472238297	0.000465921623663076	1423.55637403772
"9"	0.000150713185890575	0.180836011991064	0.0158464317405434	1.8378056526113	6.943031716583	0.000465921623663076	158.995865021869
"10"	0.000150713185890575	0.180836011991064	0.0158464317405434	1.8378056526113	79.2710472238297	0.000465921623663076	1618.37938459776
"11"	0.000150713185890575	0.180836011991064	0.251109398907702	0.150037466444991	79.2710472238297	0.000465921623663076	1423.55637403772
"12"	0.000150713185890575	0.180836011991064	0.251109398907702	1.8378056526113	79.2710472238297	0.000465921623663076	1618.37938459776
"13"	0.000150713185890575	0.180836011991064	3.97918794919979	0.0122489781796275	6.943031716583	0.000599029071419775	1618.37938459776
"14"	0.000150713185890575	0.180836011991064	3.97918794919979	22.5112413372319	6.943031716583	0.000281866070512089	1057.1890654174
"15"	0.000150713185890575	0.180836011991064	63.0559302197875	0.0122489781796275	0.053262096412141	0.000465921623663076	1423.55637403772
"16"	0.000150713185890575	0.923665347519067	0.0158464317405434	0.0122489781796275	6.943031716583	0.000599029071419775	1423.55637403772
"17"	0.000150713185890575	0.923665347519067	0.0158464317405434	22.5112413372319	79.2710472238297	0.000599029071419775	1423.55637403772
"18"	0.000150713185890575	0.923665347519067	0.251109398907702	0.150037466444991	6.943031716583	0.000599029071419775	1423.55637403772
"19"	0.000150713185890575	0.923665347519067	3.97918794919979	0.0122489781796275	0.60811218100051	0.000362391359207864	158.995865021869
"20"	0.000150713185890575	0.923665347519067	63.0559302197875	0.0122489781796275	0.053262096412141	0.000281866070512089	158.995865021869
"21"	0.000150713185890575	0.923665347519067	63.0559302197875	1.8378056526113	0.053262096412141	0.000599029071419775	1057.1890654174
"22"	0.000150713185890575	4.71785273748282	0.0158464317405434	1.8378056526113	0.60811218100051	0.000362391359207864	1057.1890654174
"23"	0.000150713185890575	4.71785273748282	0.0158464317405434	1.8378056526113	6.943031716583	0.000599029071419775	1618.37938459776
"24"	0.000150713185890575	4.71785273748282	0.0158464317405434	1.8378056526113	79.2710472238297	0.000362391359207864	1057.1890654174
"25"	0.000150713185890575	4.71785273748282	0.0158464317405434	22.5112413372319	79.2710472238297	0.000465921623663076	1618.37938459776
"26"	0.000150713185890575	4.71785273748282	0.251109398907702	1.8378056526113	79.2710472238297	0.000281866070512089	158.995865021869
"27"	0.000150713185890575	4.71785273748282	0.251109398907702	22.5112413372319	6.943031716583	0.000281866070512089	1423.55637403772
"28"	0.000150713185890575	4.71785273748282	0.251109398907702	22.5112413372319	6.943031716583	0.000465921623663076	1057.1890654174
"29"	0.000150713185890575	4.71785273748282	3.97918794919979	0.0122489781796275	0.60811218100051	0.000362391359207864	1423.55637403772
"30"	0.000150713185890575	4.71785273748282	3.97918794919979	1.8378056526113	6.943031716583	0.000465921623663076	1057.1890654174
"31"	0.000150713185890575	4.71785273748282	3.97918794919979	22.5112413372319	0.053262096412141	0.000362391359207864	1423.55637403772
"32"	0.000150713185890575	4.71785273748282	63.0559302197875	0.0122489781796275	0.60811218100051	0.000362391359207864	158.995865021869
"33"	0.000150713185890575	4.71785273748282	63.0559302197875	1.8378056526113	0.60811218100051	0.000281866070512089	1423.55637403772
"34"	0.000378574406688116	0.0354042330598067	0.251109398907702	0.150037466444991	0.60811218100051	0.000362391359207864	158.995865021869
"35"	0.000378574406688116	0.0354042330598067	0.251109398907702	0.150037466444991	79.2710472238297	0.000362391359207864	158.995865021869
"36"	0.000378574406688116	0.0354042330598067	63.0559302197875	22.5112413372319	6.943031716583	0.000465921623663076	158.995865021869
"37"	0.000378574406688116	0.180836011991064	0.0158464317405434	0.150037466444991	0.053262096412141	0.000465921623663076	158.995865021869
"38"	0.000378574406688116	0.180836011991064	0.0158464317405434	1.8378056526113	6.943031716583	0.000281866070512089	158.995865021869
"39"	0.000378574406688116	0.180836011991064	0.251109398907702	0.0122489781796275	6.943031716583	0.000281866070512089	1057.1890654174
"40"	0.000378574406688116	0.180836011991064	0.251109398907702	22.5112413372319	0.053262096412141	0.000362391359207864	158.995865021869
"41"	0.000378574406688116	0.180836011991064	3.97918794919979	0.150037466444991	6.943031716583	0.000599029071419775	158.995865021869
"42"	0.000378574406688116	0.180836011991064	63.0559302197875	0.0122489781796275	0.053262096412141	0.000599029071419775	1423.55637403772
"43"	0.000378574406688116	0.180836011991064	63.0559302197875	0.150037466444991	0.053262096412141	0.000362391359207864	1618.37938459776
"44"	0.000378574406688116	0.923665347519067	0.251109398907702	1.8378056526113	0.60811218100051	0.000281866070512089	1618.37938459776
"45"	0.000378574406688116	0.923665347519067	0.251109398907702	22.5112413372319	79.2710472238297	0.000281866070512089	158.995865021869
"46"	0.000378574406688116	0.923665347519067	63.0559302197875	1.8378056526113	79.2710472238297	0.000599029071419775	158.995865021869
"47"	0.000378574406688116	4.71785273748282	0.0158464317405434	0.0122489781796275	0.60811218100051	0.000281866070512089	1618.37938459776
"48"	0.000378574406688116	4.71785273748282	0.0158464317405434	0.150037466444991	0.60811218100051	0.000281866070512089	1057.1890654174
"49"	0.000378574406688116	4.71785273748282	0.251109398907702	1.8378056526113	0.053262096412141	0.000465921623663076	1057.1890654174
"50"	0.000378574406688116	4.71785273748282	0.251109398907702	1.8378056526113	79.2710472238297	0.000281866070512089	158.995865021869
"51"	0.000378574406688116	4.71785273748282	3.97918794919979	0.0122489781796275	79.2710472238297	0.000362391359207864	1423.55637403772
"52"	0.000378574406688116	4.71785273748282	3.97918794919979	1.8378056526113	0.60811218100051	0.000465921623663076	1423.55637403772
"53"	0.000950935915476669	0.0354042330598067	0.0158464317405434	0.0122489781796275	0.053262096412141	0.000362391359207864	1618.37938459776
"54"	0.000950935915476669	0.0354042330598067	0.0158464317405434	0.150037466444991	6.943031716583	0.000281866070512089	1423.55637403772
"55"	0.000950935915476669	0.180836011991064	0.0158464317405434	22.5112413372319	0.60811218100051	0.000362391359207864	1423.55637403772
"56"	0.000950935915476669	0.180836011991064	0.251109398907702	0.0122489781796275	6.943031716583	0.000362391359207864	1618.37938459776
"57"	0.000950935915476669	0.180836011991064	0.251109398907702	0.150037466444991	0.053262096412141	0.000362391359207864	158.995865021869
"58"	0.000950935915476669	0.180836011991064	0.251109398907702	0.150037466444991	0.60811218100051	0.000599029071419775	1618.37938459776
"59"	0.000950935915476669	0.180836011991064	3.97918794919979	0.0122489781796275	6.943031716583	0.000465921623663076	1618.37938459776
"60"	0.000950935915476669	0.180836011991064	3.97918794919979	0.0122489781796275	79.2710472238297	0.000281866070512089	158.995865021869
"61"	0.000950935915476669	0.180836011991064	3.97918794919979	0.0122489781796275	79.2710472238297	0.000599029071419775	158.995865021869
"62"	0.000950935915476669	0.180836011991064	3.97918794919979	0.150037466444991	6.943031716583	0.000599029071419775	1057.1890654174
"63"	0.000950935915476669	0.180836011991064	63.0559302197875	0.0122489781796275	0.053262096412141	0.000599029071419775	158.995865021869
"64"	0.000950935915476669	0.180836011991064	63.0559302197875	1.8378056526113	0.60811218100051	0.000362391359207864	1057.1890654174
"65"	0.000950935915476669	0.923665347519067	0.251109398907702	0.150037466444991	0.053262096412141	0.000362391359207864	158.995865021869
"66"	0.000950935915476669	0.923665347519067	0.251109398907702	0.150037466444991	79.2710472238297	0.000362391359207864	1423.55637403772
"67"	0.000950935915476669	0.923665347519067	0.251109398907702	0.150037466444991	79.2710472238297	0.000599029071419775	1057.1890654174
"68"	0.000950935915476669	0.923665347519067	0.251109398907702	22.5112413372319	79.2710472238297	0.000362391359207864	158.995865021869
"69"	0.000950935915476669	0.923665347519067	3.97918794919979	22.5112413372319	6.943031716583	0.000465921623663076	1423.55637403772
"70"	0.000950935915476669	0.923665347519067	63.0559302197875	0.0122489781796275	0.60811218100051	0.000281866070512089	1423.55637403772
"71"	0.000950935915476669	4.71785273748282	0.0158464317405434	1.8378056526113	0.053262096412141	0.000599029071419775	1423.55637403772
"72"	0.000950935915476669	4.71785273748282	0.0158464317405434	22.5112413372319	0.60811218100051	0.000281866070512089	1618.37938459776
"73"	0.000950935915476669	4.71785273748282	0.251109398907702	0.0122489781796275	0.053262096412141	0.000362391359207864	158.995865021869
"74"	0.000950935915476669	4.71785273748282	0.251109398907702	0.0122489781796275	6.943031716583	0.000281866070512089	1618.37938459776
"75"	0.000950935915476669	4.71785273748282	0.251109398907702	0.150037466444991	6.943031716583	0.000599029071419775	158.995865021869
"76"	0.000950935915476669	4.71785273748282	3.97918794919979	22.5112413372319	6.943031716583	0.000362391359207864	1423.55637403772
"77"	0.000950935915476669	4.71785273748282	63.0559302197875	0.150037466444991	79.2710472238297	0.000281866070512089	1423.55637403772
"78"	0.000950935915476669	4.71785273748282	63.0559302197875	22.5112413372319	0.053262096412141	0.000362391359207864	158.995865021869
"79"	0.00238864302332099	0.0354042330598067	0.0158464317405434	1.8378056526113	0.60811218100051	0.000281866070512089	1618.37938459776
"80"	0.00238864302332099	0.0354042330598067	0.0158464317405434	22.5112413372319	79.2710472238297	0.000362391359207864	1618.37938459776
"81"	0.00238864302332099	0.180836011991064	0.0158464317405434	0.150037466444991	6.943031716583	0.000465921623663076	1423.55637403772
"82"	0.00238864302332099	0.180836011991064	0.0158464317405434	22.5112413372319	79.2710472238297	0.000281866070512089	1618.37938459776
"83"	0.00238864302332099	0.180836011991064	0.251109398907702	0.0122489781796275	0.60811218100051	0.000362391359207864	158.995865021869
"84"	0.00238864302332099	0.180836011991064	0.251109398907702	1.8378056526113	79.2710472238297	0.000599029071419775	1618.37938459776
"85"	0.00238864302332099	0.180836011991064	3.97918794919979	0.150037466444991	0.053262096412141	0.000281866070512089	1423.55637403772
"86"	0.00238864302332099	0.180836011991064	3.97918794919979	22.5112413372319	0.053262096412141	0.000465921623663076	1618.37938459776
"87"	0.00238864302332099	0.180836011991064	63.0559302197875	0.0122489781796275	0.60811218100051	0.000281866070512089	1618.37938459776
"88"	0.00238864302332099	0.180836011991064	63.0559302197875	22.5112413372319	6.943031716583	0.000362391359207864	158.995865021869
"89"	0.00238864302332099	0.923665347519067	0.0158464317405434	0.150037466444991	79.2710472238297	0.000362391359207864	1057.1890654174
"90"	0.00238864302332099	0.923665347519067	0.251109398907702	0.150037466444991	0.053262096412141	0.000281866070512089	1618.37938459776
"91"	0.00238864302332099	0.923665347519067	0.251109398907702	22.5112413372319	0.053262096412141	0.000362391359207864	1423.55637403772
"92"	0.00238864302332099	0.923665347519067	3.97918794919979	0.0122489781796275	0.60811218100051	0.000362391359207864	1057.1890654174
"93"	0.00238864302332099	0.923665347519067	3.97918794919979	1.8378056526113	0.053262096412141	0.000465921623663076	1618.37938459776
"94"	0.00238864302332099	0.923665347519067	3.97918794919979	1.8378056526113	79.2710472238297	0.000281866070512089	1618.37938459776
"95"	0.00238864302332099	0.923665347519067	3.97918794919979	22.5112413372319	0.60811218100051	0.000465921623663076	158.995865021869
"96"	0.00238864302332099	0.923665347519067	3.97918794919979	22.5112413372319	79.2710472238297	0.000362391359207864	1057.1890654174
"97"	0.00238864302332099	0.923665347519067	63.0559302197875	1.8378056526113	0.053262096412141	0.000281866070512089	158.995865021869
"98"	0.00238864302332099	4.71785273748282	3.97918794919979	0.0122489781796275	0.053262096412141	0.000599029071419775	1618.37938459776
"99"	0.00238864302332099	4.71785273748282	3.97918794919979	0.150037466444991	6.943031716583	0.000465921623663076	158.995865021869
"100"	0.00238864302332099	4.71785273748282	63.0559302197875	0.0122489781796275	79.2710472238297	0.000465921623663076	158.995865021869
