"X1"	"X2"	"X3"	"X4"	"X5"	"X6"	"X7"
"1"	0.000150713185890575	0.0437346304380036	3.98038694915674	0.25056484328512	7.08455130740973	4.16726780631775e-05	1081.44764021815
"2"	0.000150713185890575	0.0437346304380036	63.0812646532237	0.0158292401360621	0.0501908672273211	0.000371449734344777	607.498761724089
"3"	0.000150713185890575	0.0437346304380036	63.0812646532237	0.25056484328512	0.0501908672273211	4.16726780631775e-05	359.395780991584
"4"	0.000150713185890575	0.275946862829854	0.0158480231844263	3.96625107401495	7.08455130740973	8.64040881550876e-05	359.395780991584
"5"	0.000150713185890575	0.275946862829854	0.0158480231844263	62.7827406904969	0.0501908672273211	0.000179150148176076	359.395780991584
"6"	0.000150713185890575	0.275946862829854	0.0158480231844263	62.7827406904969	0.596305101466813	0.000179150148176076	607.498761724089
"7"	0.000150713185890575	0.275946862829854	0.251159838854112	62.7827406904969	7.08455130740973	0.000179150148176076	359.395780991584
"8"	0.000150713185890575	0.275946862829854	0.251159838854112	62.7827406904969	84.1697766862294	4.16726780631775e-05	363.454529276479
"9"	0.000150713185890575	0.275946862829854	3.98038694915674	3.96625107401495	0.0501908672273211	8.64040881550876e-05	359.395780991584
"10"	0.000150713185890575	0.275946862829854	63.0812646532237	3.96625107401495	0.0501908672273211	4.16726780631775e-05	1081.44764021815
"11"	0.000150713185890575	0.275946862829854	63.0812646532237	62.7827406904969	7.08455130740973	8.64040881550876e-05	363.454529276479
"12"	0.000150713185890575	0.275946862829854	63.0812646532237	62.7827406904969	84.1697766862294	4.16726780631775e-05	1081.44764021815
"13"	0.000150713185890575	1.74110699788765	0.0158480231844263	0.0158292401360621	0.0501908672273211	0.000371449734344777	607.498761724089
"14"	0.000150713185890575	1.74110699788765	0.0158480231844263	0.0158292401360621	7.08455130740973	8.64040881550876e-05	359.395780991584
"15"	0.000150713185890575	1.74110699788765	0.0158480231844263	0.0158292401360621	84.1697766862294	0.000179150148176076	363.454529276479
"16"	0.000150713185890575	1.74110699788765	0.0158480231844263	3.96625107401495	0.0501908672273211	8.64040881550876e-05	359.395780991584
"17"	0.000150713185890575	1.74110699788765	0.251159838854112	0.0158292401360621	0.596305101466813	0.000371449734344777	363.454529276479
"18"	0.000150713185890575	1.74110699788765	63.0812646532237	0.0158292401360621	0.0501908672273211	4.16726780631775e-05	363.454529276479
"19"	0.000150713185890575	1.74110699788765	63.0812646532237	0.0158292401360621	0.0501908672273211	8.64040881550876e-05	359.395780991584
"20"	0.000150713185890575	1.74110699788765	63.0812646532237	0.0158292401360621	7.08455130740973	4.16726780631775e-05	359.395780991584
"21"	0.000150713185890575	10.9856424784307	0.0158480231844263	3.96625107401495	84.1697766862294	4.16726780631775e-05	359.395780991584
"22"	0.000150713185890575	10.9856424784307	0.251159838854112	0.0158292401360621	84.1697766862294	0.000371449734344777	359.395780991584
"23"	0.000150713185890575	10.9856424784307	0.251159838854112	62.7827406904969	84.1697766862294	0.000179150148176076	1081.44764021815
"24"	0.000150713185890575	10.9856424784307	3.98038694915674	3.96625107401495	0.596305101466813	8.64040881550876e-05	607.498761724089
"25"	0.000150713185890575	10.9856424784307	63.0812646532237	0.0158292401360621	7.08455130740973	8.64040881550876e-05	1081.44764021815
"26"	0.000150713185890575	10.9856424784307	63.0812646532237	62.7827406904969	84.1697766862294	4.16726780631775e-05	359.395780991584
"27"	0.000378574406688116	0.0437346304380036	0.0158480231844263	0.0158292401360621	7.08455130740973	8.64040881550876e-05	1081.44764021815
"28"	0.000378574406688116	0.0437346304380036	0.0158480231844263	0.25056484328512	84.1697766862294	8.64040881550876e-05	1081.44764021815
"29"	0.000378574406688116	0.0437346304380036	0.251159838854112	0.0158292401360621	0.596305101466813	8.64040881550876e-05	607.498761724089
"30"	0.000378574406688116	0.0437346304380036	0.251159838854112	3.96625107401495	84.1697766862294	0.000371449734344777	607.498761724089
"31"	0.000378574406688116	0.0437346304380036	3.98038694915674	0.0158292401360621	0.0501908672273211	8.64040881550876e-05	359.395780991584
"32"	0.000378574406688116	0.0437346304380036	3.98038694915674	0.25056484328512	7.08455130740973	0.000371449734344777	359.395780991584
"33"	0.000378574406688116	0.0437346304380036	63.0812646532237	0.0158292401360621	84.1697766862294	8.64040881550876e-05	1081.44764021815
"34"	0.000378574406688116	0.0437346304380036	63.0812646532237	0.25056484328512	0.596305101466813	4.16726780631775e-05	607.498761724089
"35"	0.000378574406688116	0.0437346304380036	63.0812646532237	3.96625107401495	0.596305101466813	0.000371449734344777	359.395780991584
"36"	0.000378574406688116	0.275946862829854	0.0158480231844263	0.0158292401360621	0.0501908672273211	0.000179150148176076	1081.44764021815
"37"	0.000378574406688116	0.275946862829854	0.0158480231844263	62.7827406904969	0.0501908672273211	0.000179150148176076	363.454529276479
"38"	0.000378574406688116	0.275946862829854	0.251159838854112	3.96625107401495	0.596305101466813	4.16726780631775e-05	359.395780991584
"39"	0.000378574406688116	0.275946862829854	0.251159838854112	3.96625107401495	0.596305101466813	4.16726780631775e-05	363.454529276479
"40"	0.000378574406688116	0.275946862829854	3.98038694915674	0.25056484328512	84.1697766862294	0.000371449734344777	1081.44764021815
"41"	0.000378574406688116	0.275946862829854	3.98038694915674	3.96625107401495	0.596305101466813	8.64040881550876e-05	607.498761724089
"42"	0.000378574406688116	0.275946862829854	63.0812646532237	0.0158292401360621	0.0501908672273211	0.000179150148176076	1081.44764021815
"43"	0.000378574406688116	0.275946862829854	63.0812646532237	3.96625107401495	84.1697766862294	4.16726780631775e-05	363.454529276479
"44"	0.000378574406688116	1.74110699788765	0.0158480231844263	0.0158292401360621	0.0501908672273211	0.000179150148176076	359.395780991584
"45"	0.000378574406688116	1.74110699788765	0.0158480231844263	0.25056484328512	84.1697766862294	0.000371449734344777	363.454529276479
"46"	0.000378574406688116	1.74110699788765	0.251159838854112	62.7827406904969	0.596305101466813	8.64040881550876e-05	359.395780991584
"47"	0.000378574406688116	1.74110699788765	3.98038694915674	0.0158292401360621	84.1697766862294	8.64040881550876e-05	607.498761724089
"48"	0.000378574406688116	1.74110699788765	3.98038694915674	3.96625107401495	84.1697766862294	4.16726780631775e-05	359.395780991584
"49"	0.000378574406688116	1.74110699788765	3.98038694915674	3.96625107401495	84.1697766862294	0.000179150148176076	363.454529276479
"50"	0.000378574406688116	1.74110699788765	63.0812646532237	3.96625107401495	0.0501908672273211	8.64040881550876e-05	1081.44764021815
"51"	0.000378574406688116	10.9856424784307	0.251159838854112	3.96625107401495	7.08455130740973	0.000179150148176076	1081.44764021815
"52"	0.000378574406688116	10.9856424784307	3.98038694915674	0.25056484328512	7.08455130740973	8.64040881550876e-05	359.395780991584
"53"	0.000378574406688116	10.9856424784307	3.98038694915674	3.96625107401495	84.1697766862294	0.000179150148176076	1081.44764021815
"54"	0.000378574406688116	10.9856424784307	63.0812646532237	62.7827406904969	0.0501908672273211	4.16726780631775e-05	607.498761724089
"55"	0.000378574406688116	10.9856424784307	63.0812646532237	62.7827406904969	84.1697766862294	0.000179150148176076	607.498761724089
"56"	0.000950935915476669	0.0437346304380036	0.251159838854112	3.96625107401495	7.08455130740973	0.000371449734344777	1081.44764021815
"57"	0.000950935915476669	0.0437346304380036	3.98038694915674	0.0158292401360621	0.0501908672273211	8.64040881550876e-05	363.454529276479
"58"	0.000950935915476669	0.0437346304380036	3.98038694915674	3.96625107401495	0.0501908672273211	0.000371449734344777	363.454529276479
"59"	0.000950935915476669	0.0437346304380036	63.0812646532237	3.96625107401495	84.1697766862294	0.000371449734344777	1081.44764021815
"60"	0.000950935915476669	0.0437346304380036	63.0812646532237	62.7827406904969	0.0501908672273211	4.16726780631775e-05	1081.44764021815
"61"	0.000950935915476669	0.275946862829854	0.0158480231844263	0.25056484328512	84.1697766862294	4.16726780631775e-05	359.395780991584
"62"	0.000950935915476669	0.275946862829854	0.251159838854112	0.25056484328512	7.08455130740973	0.000371449734344777	359.395780991584
"63"	0.000950935915476669	0.275946862829854	0.251159838854112	3.96625107401495	0.596305101466813	8.64040881550876e-05	1081.44764021815
"64"	0.000950935915476669	0.275946862829854	3.98038694915674	3.96625107401495	84.1697766862294	0.000179150148176076	359.395780991584
"65"	0.000950935915476669	0.275946862829854	3.98038694915674	62.7827406904969	84.1697766862294	0.000371449734344777	1081.44764021815
"66"	0.000950935915476669	0.275946862829854	63.0812646532237	0.25056484328512	7.08455130740973	4.16726780631775e-05	1081.44764021815
"67"	0.000950935915476669	0.275946862829854	63.0812646532237	62.7827406904969	84.1697766862294	0.000179150148176076	607.498761724089
"68"	0.000950935915476669	1.74110699788765	0.0158480231844263	0.25056484328512	84.1697766862294	0.000179150148176076	363.454529276479
"69"	0.000950935915476669	1.74110699788765	0.251159838854112	0.25056484328512	0.0501908672273211	0.000179150148176076	363.454529276479
"70"	0.000950935915476669	1.74110699788765	3.98038694915674	0.0158292401360621	0.0501908672273211	0.000179150148176076	363.454529276479
"71"	0.000950935915476669	1.74110699788765	3.98038694915674	3.96625107401495	0.596305101466813	0.000371449734344777	359.395780991584
"72"	0.000950935915476669	1.74110699788765	63.0812646532237	0.0158292401360621	7.08455130740973	0.000179150148176076	1081.44764021815
"73"	0.000950935915476669	10.9856424784307	0.0158480231844263	0.0158292401360621	0.596305101466813	8.64040881550876e-05	363.454529276479
"74"	0.000950935915476669	10.9856424784307	3.98038694915674	0.0158292401360621	0.596305101466813	0.000179150148176076	363.454529276479
"75"	0.000950935915476669	10.9856424784307	63.0812646532237	0.25056484328512	7.08455130740973	4.16726780631775e-05	1081.44764021815
"76"	0.00238864302332099	0.0437346304380036	0.0158480231844263	0.0158292401360621	0.0501908672273211	8.64040881550876e-05	359.395780991584
"77"	0.00238864302332099	0.0437346304380036	0.0158480231844263	0.0158292401360621	84.1697766862294	0.000371449734344777	1081.44764021815
"78"	0.00238864302332099	0.0437346304380036	0.0158480231844263	0.25056484328512	84.1697766862294	8.64040881550876e-05	607.498761724089
"79"	0.00238864302332099	0.0437346304380036	0.0158480231844263	3.96625107401495	7.08455130740973	0.000179150148176076	363.454529276479
"80"	0.00238864302332099	0.0437346304380036	0.251159838854112	0.0158292401360621	0.596305101466813	0.000371449734344777	1081.44764021815
"81"	0.00238864302332099	0.0437346304380036	3.98038694915674	3.96625107401495	0.596305101466813	4.16726780631775e-05	363.454529276479
"82"	0.00238864302332099	0.0437346304380036	63.0812646532237	0.0158292401360621	84.1697766862294	4.16726780631775e-05	359.395780991584
"83"	0.00238864302332099	0.0437346304380036	63.0812646532237	3.96625107401495	0.596305101466813	8.64040881550876e-05	359.395780991584
"84"	0.00238864302332099	0.275946862829854	0.0158480231844263	0.0158292401360621	0.596305101466813	0.000179150148176076	359.395780991584
"85"	0.00238864302332099	0.275946862829854	0.251159838854112	0.0158292401360621	84.1697766862294	4.16726780631775e-05	363.454529276479
"86"	0.00238864302332099	0.275946862829854	3.98038694915674	0.0158292401360621	84.1697766862294	4.16726780631775e-05	1081.44764021815
"87"	0.00238864302332099	0.275946862829854	3.98038694915674	3.96625107401495	84.1697766862294	4.16726780631775e-05	363.454529276479
"88"	0.00238864302332099	0.275946862829854	3.98038694915674	62.7827406904969	7.08455130740973	0.000371449734344777	607.498761724089
"89"	0.00238864302332099	0.275946862829854	63.0812646532237	3.96625107401495	0.0501908672273211	8.64040881550876e-05	607.498761724089
"90"	0.00238864302332099	0.275946862829854	63.0812646532237	62.7827406904969	7.08455130740973	0.000179150148176076	1081.44764021815
"91"	0.00238864302332099	1.74110699788765	3.98038694915674	62.7827406904969	0.596305101466813	0.000179150148176076	363.454529276479
"92"	0.00238864302332099	1.74110699788765	3.98038694915674	62.7827406904969	0.596305101466813	0.000371449734344777	359.395780991584
"93"	0.00238864302332099	1.74110699788765	63.0812646532237	0.0158292401360621	0.0501908672273211	0.000179150148176076	1081.44764021815
"94"	0.00238864302332099	10.9856424784307	0.0158480231844263	3.96625107401495	0.596305101466813	0.000371449734344777	363.454529276479
"95"	0.00238864302332099	10.9856424784307	0.0158480231844263	3.96625107401495	7.08455130740973	0.000371449734344777	363.454529276479
"96"	0.00238864302332099	10.9856424784307	0.0158480231844263	62.7827406904969	84.1697766862294	8.64040881550876e-05	359.395780991584
"97"	0.00238864302332099	10.9856424784307	0.251159838854112	3.96625107401495	7.08455130740973	8.64040881550876e-05	359.395780991584
"98"	0.00238864302332099	10.9856424784307	3.98038694915674	0.0158292401360621	7.08455130740973	8.64040881550876e-05	1081.44764021815
"99"	0.00238864302332099	10.9856424784307	3.98038694915674	0.25056484328512	7.08455130740973	8.64040881550876e-05	363.454529276479
"100"	0.00238864302332099	10.9856424784307	3.98038694915674	3.96625107401495	0.0501908672273211	4.16726780631775e-05	607.498761724089
