"V2"	"V3"	"V4"	"V5"	"V6"	"V7"	"V8"
"1"	0.153	0.000262212196452269	0.240508312058662	2.76320187242923	8.08461199960722	0.000106421205890638	1116.16010823655
"2"	0.139	0.000110842304195691	0.0495972833775132	77.0497035974194	367.58423478229	0.00021158143867017	2084.67112686168
"3"	0.53	0.000300472353542048	0.064566798333481	119.7810521875	0.0169271875	0.000228068496532272	6892.80718758553
"4"	0.53	0.000526810097348017	0.0610263691270451	119.804489468913	0.1205115625	0.000419575090834947	6825.63968974894
"5"	0.531	0.000144270310564465	0.00781980454969256	152.125287362445	3.73525697307158	0.000238884681791877	6772.45080885071
"6"	0.164	6.77595848241474e-05	0.117496465038684	2.33636883185833	10.9374059039305	6.1088001356925e-05	740.929101210466
"7"	0.152	6.32541407590148e-05	0.0117932594443577	0.746836695820433	13.1894351933686	0.00039443684869454	3034.89072596183
"8"	0.53	0.000128435965501887	0.0845424382726795	14.8885523027118	0.0109527171077536	0.000122862213630517	6889.7867468858
"9"	0.152	0.000268144665132269	69.2633451851642	1.71028106189015	280.703189407072	0.000101073992004063	1229.41750106356
"10"	0.141	0.000194185795951254	2.36265917979663	0.94479156978278	4.40588071380186	0.000223026540493893	2144.03501163046
"11"	0.142	0.000309033614629921	14.613910440273	1.98627982551903	916.286347938061	0.00017371886181715	1854.36502103585
"12"	0.142	0.00013899127120578	1.99891170022672	0.616152060695752	340.746784488017	0.000198995690870339	2101.73383544917
"13"	0.144	0.000167368247624622	2.14663726873614	12.4136971529034	15.1370458275222	0.00013575630940125	1593.21833082858
"14"	0.167	0.000162660657628572	2.5250256049914	14.7832034557701	16.5568831671439	6.20428551330322e-05	386.04200165051
"15"	0.139	0.000190463199921983	3.77459122050173	23.5212250674848	885.1495234375	0.000216777183451684	2147.75794253564
"16"	0.144	0.000463509570698986	5.57607475079891	414.353528310848	230.508737016192	0.00013747762970671	1475.43476651013
"17"	0.171	0.000158225040605246	67.4317484003237	0.845967161925294	30.6491048916678	4.4024488647447e-05	342.093710415509
"18"	0.141	0.000158487709493345	17.064565125854	0.76853125	884.107833491894	0.000198983383176052	2048.41676027755
"19"	0.141	0.000157962552403495	14.9604619070356	1.62969319531534	1.25506819531534	0.000186797717701578	2001.71508230454
"20"	0.144	0.000161133500159871	9.79771356091691	13.1097795743313	15.120093983579	0.000135885730585264	1593.67136195412
"21"	0.14	0.000222164502746819	0.0114374726137905	1.5966015625	653.107985977173	0.000213784475127558	2054.49764258374
"22"	0.53	6.44968749077418e-05	0.0350817961379411	10.6703188465059	0.0195557990104328	6.70051999911701e-05	6821.57271718632
"23"	0.141	0.00236828259412701	0.00733483811817376	12.6839359013678	0.782926349125272	0.000190124063733901	2321.30014347754
"24"	0.142	0.00042188289034027	0.887878216598506	0.6067421875	4.06429016113281	0.000205638549396571	2066.50772618673
"25"	0.152	0.000627616054199972	0.00693147180559945	1.49079926526826	10.2357720310866	0.000100522511378866	1148.71208944286
"26"	0.147	0.00281613559310212	1.8241821825232	20.1953317454341	135.290774269501	0.000118608811849575	1400.08006407603
"27"	0.139	0.000430272495931104	0.77571329070566	9.19426791959005	205.508206593884	0.000211451523912116	2122.82661008322
"28"	0.532	0.000327718800049178	0.435826055161526	2.14881179070731	0.001	0.000440275566060978	6833.42302669612
"29"	0.17	0.000295304596211504	0.288768773136772	868.859308166507	0.319169813091964	0.000167300857025043	4341.09832211366
"30"	0.277	0.000281241334874714	0.0929624706102502	124.228318074985	0.113936681045529	0.000220237340571231	5301.31675653054
"31"	0.53	6e-05	0.00693147180559945	34.1389601748517	1.76014222527973	0.000289022189519154	6548.48699272984
"32"	0.14	0.000304887994269653	2.26038022281216	1.87816718386115	1.25506039203876	0.000219602430086506	2146.56325805929
"33"	0.168	0.00591665491802089	50.2513167432247	17.9491564114085	0.0315737455371193	5.5923337681476e-05	352.835925507226
"34"	0.161	0.000729141948176349	17.9570034762738	0.76853125	925.000803643644	9.48634602969786e-05	911.435159866237
"35"	0.53	0.000101504246662522	0.00693147180559945	16.8554497896454	0.151877024199999	0.000101260083576982	6599.88877093601
"36"	0.14	0.000345068125881251	64.7643798087924	2.60386328125	20.42864453125	0.000200103405703715	2082.0132360112
"37"	0.53	0.000198673148591027	0.00693147180559945	8.20198976398027	0.20869362158025	0.000288127571654307	6546.78808844053
"38"	0.139	0.00052430257628563	64.7643798087924	78.12521875	2.2321650390625	0.000206661726265338	2087.26328541524
"39"	0.162	0.000324181474478268	0.0233839089118727	13.8635648225319	0.0111638265760077	0.000105110404811891	3418.75521555957
"40"	0.145	6.00000000000006e-05	0.0320541520005728	4.09755932205998	1	0.000135720239949543	1540.56176420607
"41"	0.148	0.00108859223997566	0.029581258428854	38.8450894336546	0.0916437749826672	0.000136717499479242	2430.02250348052
"42"	0.167	0.000417190288022916	1.08313959873807	0.458798151920728	0.235191795132325	7.64541795508354e-05	629.768622057307
"43"	0.15	0.006	0.00693147180559945	0.410464843651891	224.662374200863	0.000116987571527956	1349.1996866567
"44"	0.148	0.000165646488261161	0.00970608678629914	8.22403958217146	1.00786509564829	0.000134758171876934	2343.16851661942
"45"	0.14	0.000903550798628245	0.82424064448134	23.1250218623127	60.6212718623127	0.000194476941006732	1960.7100500168
"46"	0.16	0.000175424753955759	1.75651277984304	123.999672695516	284.17071184342	7.64096571825574e-05	793.210594426348
"47"	0.532	0.000699668932397761	0.771238570770765	77.6634932206724	0.001	0.000584732628717204	6891.97151089799
"48"	0.143	0.000248295695414862	69.2628994148303	2.280434803781	3.06284447447023	0.000161822872881695	1744.88312759551
"49"	0.141	0.000833946350277621	3.61648337364089	1.02228860171756	987.145480346923	0.000213822515683507	2117.49472749816
"50"	0.176	9.79749298095703e-05	0.00693147180559945	61.3479382034788	0.520969752682348	3.2593912801642e-05	4148.76169102016
"51"	0.532	9.90112123328853e-05	0.00693147180559945	3.33739997737894	0.217367481722643	0.000452493132954157	6689.6913760744
"52"	0.18	0.00060052734375	0.0878304496030883	17.4260151367188	0.0100791015625	2e-05	1627.88009551533
"53"	0.139	0.00175083924427904	6.03007572013454	325.587729474479	489.017943430811	0.00021183990577194	2136.96055582518
"54"	0.153	0.001119169921875	64.7643798087924	0.34496875	0.186291015625	0.000373759826365369	3053.05032891042
"55"	0.172	0.000790425029637436	0.00693147180559945	0.724040116693542	4.30085217312692	5.20504425048828e-05	157.401908645041
"56"	0.141	0.000839413700525398	16.019206611697	1.09272460334209	613.480494766038	0.000206528949591648	2067.68198159893
"57"	0.174	0.00172377967797535	16.2729302098511	6.40378927925439	2.10496740425439	3.6481322683177e-05	41.7842854140939
"58"	0.14	0.0007170703125	64.7643798087924	2.60386328125	20.42864453125	0.000200103405703715	2081.82171215904
"59"	0.154	0.00397136370693156	0.0112229011467338	0.760939147949219	529.792695364475	0.000438457956710574	3180.33724366685
"60"	0.14	0.00415044772540967	0.0461265264546266	2.27383824157715	4.82194556045532	0.000208851862202002	2024.01529665521
"61"	0.153	0.00592718375105892	0.142886366015556	0.705131027216146	0.024033780427343	0.000371586298370933	3119.37318011737
"62"	0.161	0.000871838033824452	0.0218770922618675	8.99582728963403	3.97601786234631	8.52987901402378e-05	827.773272099231
"63"	0.158	6.01804196735631e-05	0.00748927778804341	21.1389906760447	1.00003656214082	0.00012362210001053	3500.54169784576
"64"	0.53	0.0006291015370706	0.0110813300967178	273.806193300851	0.707116662267765	0.000465466844883873	6688.49635306891
"65"	0.141	0.00110077920325318	0.165473491595118	1.19091276007499	0.233370172341471	0.00019108929535434	2077.75404101942
"66"	0.141	0.00418402926385688	0.107140143654176	1.47817132651706	999.997248819825	0.000237111549581723	2198.79168688782
"67"	0.164	0.00562075873504257	0.00693147180559945	0.776753203712532	291.628729966561	7.31884959113395e-05	520.210440889243
"68"	0.141	0.00161590964599181	0.0946023203966334	1.29410972908546	122.721960539355	0.000198847270299227	2001.21413965285
"69"	0.179	6.13612449381933e-05	0.0257360824992813	201.00392770649	16.3720205440252	0.000537326156269359	4161.42546719958
"70"	0.14	0.00272343005689889	1.11076835684731	1.3684375	0.670656250000001	0.000214631904346253	2151.44044056702
"71"	0.529	6e-05	0.111972516818002	26.3418527154598	0.0165900393997302	4.72881690018197e-05	6635.62113660442
"72"	0.164	6.64317637639741e-05	0.00693147180559945	31.9233406463159	0.989913465305028	6.21795260225629e-05	3505.83928621824
"73"	0.276	6.09736274409984e-05	0.0085305525028961	239.650015954436	2.71426917711347	6.5527498306619e-05	5173.65229985113
"74"	0.14	0.00279337092070127	3.5607491304079	1.30853125	80.1380678710938	0.000214645431457318	2135.30801786727
"75"	0.142	0.0029498659542478	3.98054247077445	0.554890050892655	571.894935698827	0.000208120733602318	2058.29544854075
"76"	0.141	0.00404705165333986	5.09746904573889	1.1022070274531	613.437046484323	0.000205640295016566	2066.51002830182
"77"	0.14	0.00399301626095245	3.5607491304079	1.37153125	0.4364453125	0.000204619979703655	2062.68927734397
"78"	0.168	0.00209775687098104	68.6017053541125	0.53059375	19.6361303710938	0.000113590269691277	806.269564497056
"79"	0.141	0.000162571859107292	69.0136972032324	1.57024340923687	319.593190615071	0.000190726739192873	2071.06237070343
"80"	0.176	6.10147830482805e-05	0.00701499623660701	1.71596658618755	0.102080512808394	3.72584472626844e-05	2254.3986478837
"81"	0.165	6.50417399438475e-05	0.0274255709584471	234.848294691141	1.74202060625342	5.57877828350515e-05	3554.30329170747
"82"	0.533	0.000347815893561813	0.0107852320713855	17.4734998885934	0.215822265625	0.000401543805907272	6871.76652868924
"83"	0.17	0.00591172404769276	0.0330552402611718	6.431496418804	223.718692204523	3.88793330660443e-05	303.827292532265
"84"	0.177	8.69290054058898e-05	0.0385415962615803	84.5572218444062	0.00965912821079343	2.11780068850152e-05	4195.28357570373
"85"	0.531	6.07879465163827e-05	0.0091949218523043	183.978948833843	5.76895666353398	0.000229898694876589	6785.0659610209
"86"	0.144	0.0034835489620985	0.272838371770385	1.4423806844463	0.0603093589567714	0.00015584077897455	1726.89433428813
"87"	0.155	0.00329309105215494	0.0975585674802788	0.270589095231467	0.224182845231467	0.000388047064787082	3118.64927420835
"88"	0.14	0.0047409001988556	0.184286608103055	7.34653284870069	4.39619704770784	0.000207294069818412	2054.57866012164
"89"	0.141	0.00204131028194005	0.48666181504742	4.2964190838969	0.956116876898046	0.000178107448058443	2024.96582919344
"90"	0.17	0.00335824618786125	0.469768352464947	138.086697416358	138.086697416358	5.63802400594464e-05	234.766676259096
"91"	0.166	0.00383184502714015	2.29032400336983	1.31334504373128	1.2306253535399	5.5460577483294e-05	678.013607299404
"92"	0.152	0.00599260516630861	16.0301753552372	0.608220169374737	0.0280891772824926	0.000390117406883823	3158.51474941561
"93"	0.529	6e-05	0.274013025459811	10.0016363414764	0.0100021217346191	0.000228068496532272	6825.85878814145
"94"	0.529	7.85625e-05	1.38484333787293	100	0.009645625	0.000123133878025177	6821.52068957212
"95"	0.144	6e-05	31.4067900666195	598.272879839912	0.385357023754316	0.000133837389608309	1625.96757470503
"96"	0.152	0.00355893400383384	18.0920123952618	0.564976491700674	956.007845959695	0.000372728447596928	3059.30461577235
"97"	0.14	0.00363781513041478	16.7503145177664	9.4313261212287	2.12847632343007	0.000229601440186782	2252.91879695795
"98"	0.153	0.00250926388901895	8.34609362666477	11.1787280443454	11.2050248502072	0.000305082050912367	2890.37947724574
"99"	0.14	0.00402395665502013	15.977740358875	21.4081096199821	87.0920411149642	0.000231106663813173	2250.96820342908
"100"	0.139	0.00355263747365472	25.907742524224	161.524698227493	0.339588045639991	0.000203886054947889	2107.12199548521
