"V2"	"V3"	"V4"	"V5"	"V6"	"V7"	"V8"
"1"	0.073	6e-05	0.0110512439730884	0.0367685103416443	9.8832953125	0.00076638799983741	2268.04328617053
"2"	0.215	0.000259338250362646	0.0582234475099376	0.001	439.937205130201	0.000393907619910149	1924.66887475682
"3"	0.842	0.000389962574932195	0.0832986862467821	119.820968780518	0.0117840698242187	0.000225376259361862	6889.80744786753
"4"	0.837	0.000232272320424211	0.0167128015361579	105.785159432983	0.0339780456542969	0.00041646894509276	6821.96985206269
"5"	0.175	7.28521051008296e-05	0.00693147180559945	999.999996765976	4.35359204101563	0.000161270663890115	3319.23692203931
"6"	0.291	0.00052122858058289	0.0915773030412338	2.02731574163341	15.8225654065958	0.000227840918249963	1209.74617031455
"7"	0.072	0.000151257109422462	0.610604850928045	0.0355025696456433	15.2546559700855	0.0007701635	2376.14458970726
"8"	0.84	0.000124540135081734	0.124160889733604	9.79851018312199	0.00980773027759498	0.000122988516722089	6889.7877056253
"9"	0.206	0.000797234451873346	12.1131868603767	0.144614609544042	0.001	0.000489662102123933	1738.30098961284
"10"	0.075	0.00016505018222946	0.841257575830274	0.0315591043462562	3.61827111219568	0.000753359039328957	2338.06309174722
"11"	0.095	0.000374988122808725	10.3050662571067	0.0291609802246094	33.8829472968511	0.000724831772140969	2173.8424244096
"12"	0.089	0.000321735375807639	2.60087600805083	0.0305592570568135	233.548121853087	0.000719668257302522	2212.26242455066
"13"	0.19	0.00011893955740161	0.825040849867776	37.3201735738038	0.001	0.000102851271146951	3427.57229613473
"14"	0.072	0.000200696727847636	3.5607491304079	0.034947410583496	88.0994370493746	0.0007701635	2387.25756961221
"15"	0.205	0.000238285058182674	3.7701066346518	5.93790625	885.1495234375	0.0007701635	2519.69740538302
"16"	0.295	0.000408960246543713	5.76030666552405	359.197075441618	297.544816712753	0.000220360999196183	1204.26378715078
"17"	0.072	0.000965028506598033	56.2161621565005	0.0364375756292672	108.973874009773	0.0007701635	2356.56414719948
"18"	0.185	0.000135759776533342	8.16605511020025	0.47575	906.2509375	0.000749982522838533	2454.98818753223
"19"	0.237	0.000185807462763924	6.0576164865516	0.001	2.45927094418276	0.000306868901036907	1604.54367901445
"20"	0.307	0.000205533742486669	5.59137789418263	4.952748326378	13.2072875171316	0.000231399759708902	658.938191366738
"21"	0.185	0.000319463204394911	0.0178030928031398	0.434143127441406	240.637326522827	0.000728878711432605	2433.85053196687
"22"	0.19	6.42448832155383e-05	0.0239824688926715	16.5027255657301	0.0603752024223131	0.000102267793813906	3421.9083942621
"23"	0.099	0.00101512995180394	0.0234526787656751	5.78656410390921	0.001	0.000553437983044745	2387.39300781418
"24"	0.073	0.000647206199420061	7.99705376913478	0.0385517089843749	3.19042421875	0.0007701635	2405.1595700427
"25"	0.072	0.00286442195100884	1.33049529413388	0.0358953247070313	9.75077721301041	0.0007701635	2366.4829215998
"26"	0.073	6e-05	0.00693147180559945	0.037639202642992	99.9465659987158	0.0007701635	2225.49881445095
"27"	0.214	0.000864378494985383	0.00693147180559945	0.001	65.5487208154723	0.000395539228938938	1701.97687751817
"28"	0.835	0.000322160092439147	0.417639393914361	6.53217305421552	0.001	0.000612082626126887	6889.3008576688
"29"	0.128	0.000216594158854515	0.0515095818800049	989.049079218009	0.10426272799877	0.000306885217424392	3526.89605131745
"30"	0.129	0.000341583729651314	0.0287239251051605	943.951488114358	0.383615227839815	0.000464685392099919	3523.65591228029
"31"	0.139	0.000158925681034203	0.00693147180559945	14.4329872436523	0.886384585571289	0.0007701635	3466.93720647512
"32"	0.202	0.000278896967550665	2.49803613148682	1.14479932170259	1.41699103618891	0.00067764409014028	2365.20123707418
"33"	0.189	0.00542644975870599	61.8784745793887	0.6259375	0.060625	0.0007701635	2443.5553448953
"34"	0.185	0.000722073922974391	11.6620591944252	0.505273883870282	555.226092183976	0.000765065514025221	2476.86408406162
"35"	0.131	6e-05	0.00693147180559945	30.1927101549159	0.190819951421238	0.000164523374419542	3395.51759374474
"36"	0.16	0.000298979267205839	39.6369605725796	0.21562890625	82.4585737304687	0.000770163498942102	2436.66952214773
"37"	0.837	0.000118842907339537	0.00693147180559945	9.64024003370598	0.17625794715441	0.000431210700467245	6870.54365254001
"38"	0.207	0.000298979267205839	15.1595896573956	234.471311523437	1.1873125	0.0007701635	2548.47617010067
"39"	0.189	6.28401527985729e-05	0.0415570415039498	12.3577431828204	0.012602865304105	8.0542896573168e-05	3360.01238548047
"40"	0.12	0.000558238336730861	0.113201365506962	13.7731702071072	0.001	0.000768993796010733	3243.69984386576
"41"	0.189	6.01434641898194e-05	0.00694946740754283	16.9685726572777	0.070946252644427	8.78776615914354e-05	3254.33554100795
"42"	0.072	0.005949375	0.00693147180559945	0.2006875	0.0196270023270711	0.0007701635	2419.9653341221
"43"	0.076	0.006	3.67258526529634	0.0370016479492187	192.460456116892	0.0007701635	2445.5044348058
"44"	0.131	6e-05	0.00693147180559945	15.384618580928	0.0951316704650273	0.00018984162008698	3346.0798731736
"45"	0.206	0.00171375	0.728670973563643	10.93740625	86.8673125	0.000770163498942102	2518.38636573741
"46"	0.231	0.00321190805300678	1.25090253334015	366.256700974786	45.583408113462	0.000542006363442597	2012.20340385026
"47"	0.079	0.00227017733647045	0.0761281234233491	788.592494465631	0.001	0.0007701635	2546.98270290828
"48"	0.106	0.0016099481946004	1.41088436493236	0.0340598270311867	1.17516226163582	0.000676628221028424	2104.30880341606
"49"	0.072	0.00136400837711876	6.51272826105156	0.0361134204864502	513.028427009535	0.0007701635	2359.88595445165
"50"	0.131	6e-05	0.00693147180559945	21.7095625042915	0.227803075313568	0.000193637106523119	3393.25387296934
"51"	0.844	0.000125324136564572	0.00693147180559945	4.324111705303	0.337334825140709	0.000392292351185406	6714.45165448408
"52"	0.085	0.000387425254215211	0.00693147180559945	93.6756474595552	0.00236165616362079	0.000457846146447493	2721.13662744059
"53"	0.251	0.0022013024829389	6.02899554140272	264.11347925095	398.185815353454	0.000432113919304015	1634.08357719789
"54"	0.072	0.0012075	65.0894039693068	0.0369999999999999	0.32303125	0.0007701635	2356.32611999008
"55"	0.075	0.000113563382997674	7.92623810635572	0.0319991661742665	0.618439640716309	0.0007701635	2317.56386458167
"56"	0.072	0.00151394724635168	67.3050852806671	0.0350092210597197	204.611679305401	0.0007701635	2381.68847907714
"57"	0.213	0.00198930065922079	10.1490907854292	0.001	1.5957884833259	0.000417189639816145	1970.02254113073
"58"	0.16	0.000650625	39.6369605725796	0.21562890625	82.4585737304687	0.000770163498942102	2436.66952214773
"59"	0.072	0.00292113577409538	0.352749152878677	0.0361562499999999	322.389717376709	0.0007701635	2365.11559479836
"60"	0.072	0.000353646154930076	0.0218971603029239	0.03339424224253	14.7471401148084	0.0007701635	2308.63861587007
"61"	0.081	0.000728754614071492	0.00695400195556948	4.61914458257419	0.00400462882427421	0.000615438095959075	2781.14458970726
"62"	0.073	0.00542459296181333	0.190117686443098	5.29898521678494	0.001	0.0007701635	2443.09873951029
"63"	0.212	7.34434770157939e-05	0.00703278567630909	22.1395134322069	3.831051925693	0.000590315994051687	2908.71458977129
"64"	0.841	0.000342870183879159	0.0160765547502655	298.433236922752	1.06278872538875	0.000228512049824444	6863.10748842692
"65"	0.111	0.00527373350648231	0.142643631818265	0.0597609068852223	0.00164102818624919	0.00065140321624194	2145.24594198768
"66"	0.072	0.0037895438050928	1.42553858629316	0.037096497545993	210.363506532941	0.0007701635	2386.57568631013
"67"	0.075	0.0018012000591454	0.200687558348764	0.055019775390625	0.001	0.000767628517639692	2493.99727888679
"68"	0.131	0.00292330777567488	0.184221548164271	0.0221428251491662	153.865136495405	0.000570235951960524	1959.23460190607
"69"	0.13	6.83229842699825e-05	0.0245287153535314	225.837807267351	3.54004696298205	0.000582984005684513	3531.63386552958
"70"	0.184	0.00588443804868571	0.00693147180559945	0.75925	0.347928466796875	0.0007701635	2509.22700739927
"71"	0.172	6e-05	0.0378860604039672	48.434571685791	0.001	0.000171297494806219	2719.17652256716
"72"	0.191	6e-05	0.00693147180559945	65.0933926737212	0.645354205996533	8.50649345767726e-05	3371.74054855998
"73"	0.216	6e-05	0.00693147180559945	557.613161800052	20.9781017558358	0.000164282276806049	2650.9160779697
"74"	0.072	0.00530662829211424	37.8843397076701	0.0378437499999999	32.2797241210938	0.0007701635	2370.66564507528
"75"	0.211	6e-05	3.69314616063307	0.365757460499517	868.847745742214	0.000494196447384845	2243.80257820668
"76"	0.089	0.00303459643277158	65.2221708198101	0.0367382603866502	222.623706045789	0.0007701635	2532.01397774537
"77"	0.107	0.006	0.107039011484537	0.40628125	0.001	0.0007701635	2492.04983779406
"78"	0.234	0.00125673493623183	18.253325893169	0.0288163201585713	32.1339553505836	0.000290186195239698	1442.61192259207
"79"	0.099	0.00362012196675338	17.4767099490672	0.034841991646345	217.70993267899	0.000657941367043294	2156.54098309697
"80"	0.19	6e-05	0.00708732662433525	8.92012435885816	0.0691646833811117	0.000106850380714045	3264.28731772516
"81"	0.13	6e-05	0.0210489523658773	999.833464923611	3.87157247866775	0.00020256929869519	3520.81329419824
"82"	0.075	0.00334019118754329	0.121949773729881	104.666338804606	0.001	0.00076790654843582	2503.96255627276
"83"	0.307	0.00157619132441065	0.0294758299212254	7.20420677545635	52.3023261995566	0.000228685395463925	638.193810010607
"84"	0.192	6.51989181659586e-05	0.738606914048082	923.097972904496	0.0715239313589814	6.80371990641008e-05	3549.04661092605
"85"	0.839	6e-05	0.00710397477729814	263.728587580584	0.5478203125	0.000228068487545564	6905.43158501333
"86"	0.118	0.00599492397203753	0.200228052900467	0.615480206746474	0.001	0.000627663516866999	2109.4220027056
"87"	0.083	0.00288176379969142	0.097947745534234	0.36776683540746	0.001154181069306	0.000689132238099664	2415.22799262771
"88"	0.075	0.00315620330016767	0.119118467796474	1.608765625	0.001	0.0007701635	2512.23025860302
"89"	0.1	0.0056488300809623	0.152775899091479	1.44482690295978	0.001	0.000624066048516347	2304.0107087418
"90"	0.077	0.00257300280508487	0.0918459288082703	467.202259178856	0.001	0.000769370552601801	2524.94169309527
"91"	0.3	0.00106751381508602	2.37000127568167	1.80017129174288	1.21743571358334	0.000245438147137827	787.355954208247
"92"	0.095	7.276171875e-05	0.00693147180559945	2.61731682298237	0.00299734291281702	0.000410901286005839	2781.12955489002
"93"	0.841	6e-05	0.389851083552127	10.2123428501998	0.0101703979492188	0.000225724235594772	6821.67687368854
"94"	0.839	6.00000000000002e-05	2.23932960664592	102.813437460589	0.0100001223087311	0.000124109917192525	6819.06683299326
"95"	0.207	0.005071875	26.0661753944792	142.325200237104	0.336671875	0.000756241940227367	2521.2157534792
"96"	0.073	0.00318358451343713	49.978060536921	0.0388984374999999	971.854798477173	0.0007701635	2387.83728123627
"97"	0.193	0.00412952335802396	69.3147180559945	0.719031250000001	3.997	0.000732120533448573	2461.30049118159
"98"	0.208	0.00327785109435472	8.36889570119964	11.3511866650103	10.7486343414838	0.000707442513046775	2460.47705869648
"99"	0.11	0.00010701632636051	0.00693147180559945	83.912925391538	0.001	0.000366417516790098	2176.54989142681
"100"	0.207	0.00355807233526325	7.37932693983685	208.103195547288	0.209055867738346	0.000769049896850702	2627.94003487827
