"V2"	"V3"	"V4"	"V5"	"V6"	"V7"	"V8"
"1"	0.391	0.000206051350194127	0.0128423952702732	0.001	4.4298932027544	0.000764316482001608	537.154163700136
"2"	0.821	0.000143976230198225	0.0180258810251621	9.75534674957343	22.4970195191528	0.000119503621004482	6809.47182731855
"3"	0.824	0.000219270383897733	0.00719136210804327	44.740581906916	0.001	2e-05	6029.89029913198
"4"	0.789	6.53725520583449e-05	0.00900650937471212	153.435305332852	0.108093116692027	0.000736221866734551	6935.62540338146
"5"	0.815	0.000253857063089368	0.0308374114956941	58.6551986083985	21.9731568397637	2e-05	5921.7084822338
"6"	0.64	8.06321933532718e-05	0.0983391219703381	1.65073332816884	11.7390687140324	2.03112020069047e-05	40.3469176988369
"7"	0.39	0.000194358859099702	0.793218210608194	0.001	16.8259329374777	0.000763732178499982	637.046694586274
"8"	0.817	0.000634822331430379	2.40258382811249	8.83014914260023	0.0134351300875375	2.0695570913824e-05	6743.6153926871
"9"	0.405	0.000902798841455224	0.00693147180559945	0.001	250.441102771873	0.000522788201654061	260.938271681227
"10"	0.816	0.000171479828677237	2.00981761439904	0.0350923076394335	2.52341330055193	2e-05	5678.55552779112
"11"	0.818	0.000199241070454905	2.12596045491631	0.150554696677833	114.555077539604	3.92837061225276e-05	6503.21216795646
"12"	0.64	0.000157789624933848	2.53849668665241	3.03627268580181	979.216552202751	2.59969608061968e-05	0.502340105953638
"13"	0.64	0.000154505074149515	2.19228286314843	12.5467027733334	12.5476084875119	2.07659682753853e-05	4.12817047418006
"14"	0.39	0.000194967904199635	3.12513887707918	0.001	76.0815736785163	0.000763920237558981	652.413641231565
"15"	0.64	0.000215307541699354	3.59828945330148	22.4206327844952	224.276100626472	2e-05	7.37291408115342
"16"	0.818	0.000146018978507432	1.8447609748643	124.123218938211	124.702745025387	4.39456365220911e-05	6628.54233693963
"17"	0.39	0.000200853727518405	20.0486020418944	0.00100384521484375	52.9833910752983	0.00076982233172305	646.534913502158
"18"	0.393	0.000135759776533342	8.16605511020024	0.00128097534179688	208.984429553986	0.0007701635	687.224819501736
"19"	0.407	0.000671946523750974	24.2919558673503	0.001	0.500354127021899	0.000494647521116147	338.812745654899
"20"	0.64	0.000156889250851059	9.47361940135958	12.6900521124575	12.6900521124575	2.07352608744186e-05	3.11834402073788
"21"	0.39	0.000298979267205839	0.0203779504078205	0.001	540.805156545591	0.0007701635	589.419978200874
"22"	0.819	0.0021242869294148	0.0551629770534085	1.75258360228104	0.013043787751574	7.17803041743363e-05	6683.57343740809
"23"	0.406	0.000757550029617159	0.059061195613479	0.001	3.80261989849785	0.000502594791305347	299.517636114319
"24"	0.395	6e-05	0.00693147180559945	0.001	1.44345640347733	0.000700245536825284	314.072793398256
"25"	0.39	0.00048665905621039	0.670155650127641	0.001	8.31006281176563	0.0007701635	628.283368132082
"26"	0.391	0.000190172655093923	0.0119232738520244	0.001	39.8745137525917	0.000763511009948751	514.239259712954
"27"	0.401	0.00283890638491642	8.71964027230519	0.001	30.5335597672212	0.000562272992981123	351.400934727149
"28"	0.64	0.000548883300912516	0.76688071189201	21.342615625	21.342615625	2e-05	0.0154538999069589
"29"	0.41	0.00590339731399231	0.00693147180559945	165.601945852865	0.001	0.000583033511519744	486.593828311806
"30"	0.637	0.00277861623380492	2.66884007718779	332.362949705185	0.001	2e-05	0
"31"	0.39	0.00197797408825368	13.3478801745198	0.001	0.0635982767740542	0.0007701635	629.927192491144
"32"	0.406	0.00217418020422444	5.43835634817635	0.001	0.538095054929845	0.000498994114130168	341.60694346403
"33"	0.39	0.00282170750597002	25.8670514594653	0.001	0.0271476695852933	0.000766896913649914	667.924538561436
"34"	0.816	0.000379801009122221	12.8742864640581	0.0480268710301874	366.984650931679	2.59620817141581e-05	5873.36414269441
"35"	0.821	0.00030162469421594	8.32634444120897	1.11518275672443	0.0109532230508471	0.000122849405398631	6821.54887584236
"36"	0.39	0.00124995878481593	13.5773749236177	0.001	53.830038022542	0.0007701635	623.995566317064
"37"	0.64	0.000527375009478743	16.0162949527386	21.4597878050401	0.212535120594457	2e-05	6.47366862700747
"38"	0.641	0.000303293378502456	8.88614182934433	124.014996770588	1.28374531424396	2.0417165390165e-05	135.429829396443
"39"	0.62	0.000119867869233308	0.02537421079836	11.2986916919755	0.0101517043712398	2.0781801770234e-05	2050.86389954972
"40"	0.819	0.000717443001815727	0.0179586135527723	14.0482115111657	1.20428294160572	7.56460708333742e-05	6855.15787365881
"41"	0.633	0.000553219965533755	0.00740770429041795	25.2842791805443	0.0969195190119417	2.14443729180363e-05	674.57172002376
"42"	0.39	0.00157776743526097	2.56295345085586	0.001	0.0350073976791598	0.0007701635	628.283368132082
"43"	0.39	0.00223087136039469	0.650776783469893	0.001002197265625	77.8912755343284	0.0007701635	628.283368132082
"44"	0.625	7.0125e-05	0.00693147180559945	22.9653218292036	0.761078753196687	2.15479114677362e-05	1665.46099595726
"45"	0.641	0.00072485402532679	0.437163368899428	11.7295397709608	11.3844069829057	2.3527255906931e-05	114.964099515566
"46"	0.818	0.000769279260276575	0.438798431957135	168.858732802553	72.835326367176	4.43524879698931e-05	6603.60981004806
"47"	0.416	0.006	0.00693147180559945	194.620379648522	0.001	0.000530099972735896	294.642637972943
"48"	0.82	0.000737656843286245	2.07094317884953	0.0244100938369453	1.88248765414366	0.000104890434840046	6135.57925454485
"49"	0.572	0.000858800750367298	7.80414106274381	0.001	851.497488909408	2e-05	0
"50"	0.818	0.000192909810860608	0.43181748096919	1.08082234520881	0.0127166231785138	5.26466527293141e-05	6536.3956895669
"51"	0.403	0.00598356617030844	0.00693147180559945	0.887962200403807	0.001	0.0007701635	587.896828845954
"52"	0.819	0.000730682009441108	1.95767718216306	14.7728356732603	0.0119609866317044	7.45855875250417e-05	6948.90920714848
"53"	0.408	0.0059837985861253	0.0192886808137223	0.001	0.001	0.00045936520995964	1.31542230714346
"54"	0.826	0.000656423436424505	8.31630121258074	0.0169313516428268	0.0117841406070751	0.000225383450012066	6822.05229420733
"55"	0.816	0.000907917740765409	13.9502324159946	0.0523475369619318	0.246139837913167	2.00481381743241e-05	5467.55939907394
"56"	0.816	0.00095253800516975	12.3367988769207	0.047938236416322	89.6548999563732	2e-05	5859.6934461392
"57"	0.817	0.000118467343161357	10.4346283927284	1.3850898262109	1.3850898262109	2.51470658808737e-05	6363.32678796983
"58"	0.39	0.00300091505698449	13.5773587182499	0.001	53.8299402757471	0.0007701635	623.995755670744
"59"	0.826	0.00153750767989519	0.0179076960607262	0.0235975585263187	17.6221012972784	0.000225284690415992	6821.44950841161
"60"	0.815	0.000281076161239817	0.022638522437002	0.263506292803094	1.9261423361594	2.36783604504471e-05	5630.59539915905
"61"	0.249	7.02551991656981e-05	0.0243910691018425	37.7781789377528	0.0706074147650408	0.000496366768227526	3183.8471216306
"62"	0.817	0.000135878729947505	0.0196300331054971	1.24655811926724	1.38641216507412	2.51282010633582e-05	6366.27590815342
"63"	0.398	0.000178888881197661	0.0643773569784108	0.001	4.04484178969586	0.000596648025580781	398.901766332756
"64"	0.815	0.00201523455512961	0.0223470701871018	156.984422972721	240.061488158193	2e-05	5625.91394892856
"65"	0.82	0.00162242009707445	0.0930727798679767	0.0245612948613636	0.0170861928393354	0.000104017297149233	6175.92248598432
"66"	0.826	0.00154924443522823	0.088127718506355	0.0169353941299853	119.996748610502	0.000225266374364013	6821.41526660525
"67"	0.391	0.00152378471664772	0.115929264512349	0.00104833984375	254.573585819892	0.0007701635	606.577331553575
"68"	0.64	0.00174424542121598	0.0993584015933282	3.41021089485822	228.796897794474	2.05314720292731e-05	35.0041524245551
"69"	0.639	0.001881140223882	0.0630047111345157	260.793004519201	11.4744853203611	2e-05	0
"70"	0.829	0.00153719379844362	0.417536896580366	0.0118724180685737	0.0117881255617452	0.000416386105739999	6889.39347560812
"71"	0.818	0.00154749982963024	0.415810921552657	11.2475140526493	0.0109905220836519	3.94308109700228e-05	6779.42590839538
"72"	0.418	0.00572760943264319	0.00712234392153475	14.1743143206604	0.001	0.000497266267272806	387.343951096478
"73"	0.421	0.00596942158350247	0.00693147180559945	158.210942573139	0.001	0.000464078128317826	292.983817652781
"74"	0.826	0.00155014680617651	1.92891589517827	0.0236825867907999	1.75868812987254	0.000225101520706401	6889.27399389339
"75"	0.816	0.00219867298468537	2.64459025647321	0.044806303420355	311.719599076367	2.56636968761586e-05	5628.75376360363
"76"	0.816	0.00264818619019505	2.8385471569927	0.0480177365117783	88.4622100418064	2e-05	5863.46900310423
"77"	0.39	0.00282841606481636	11.6751291586381	0.001	0.36323147255204	0.0007701635	622.409965737209
"78"	0.816	0.0022641055824764	18.8541251996639	0.0491258375730767	3.7535630663393	2.95400795741852e-05	5684.57973892768
"79"	0.82	0.00140822276533342	8.16605511020024	0.0235	185.804503024047	0.000111909533567253	6146.67514995093
"80"	0.56	0.00424683410854261	0.00896286898949438	0.001	0.133772142871342	4.56138969114371e-05	0.748723219749043
"81"	0.419	0.00591283651015944	0.00697906510138835	15.4289998727631	0.001	0.000481499165302736	376.64566831686
"82"	0.404	0.006	0.00693147180559945	231.80661654071	0.001	0.0007701635	564.934258953275
"83"	0.641	0.00293990322914272	0.00862352612672298	15.1431782348446	151.088938985942	2.0505079710506e-05	63.7059665111747
"84"	0.453	0.00598544663561761	0.00704770434897607	151.558172172417	0.00100001174567761	0.000288883628733349	128.288413063185
"85"	0.817	0.00338093715946968	0.0188422087387681	161.501188196147	13.0097184894751	2e-05	6589.19118845869
"86"	0.404	0.000252909434668957	0.236696715074133	0.001	0.307458669457338	0.000517713922069629	445.39416039981
"87"	0.391	0.00388999884164247	0.159449685272637	0.001	0.185494541422104	0.000746429320228624	650.914655791637
"88"	0.385	0.006	0.0363890261708606	0.001	0.001	0.0007701635	615.042626286847
"89"	0.404	0.000254751700705414	0.923998283158596	0.001	3.32379919198913	0.000518569183788511	449.687281647024
"90"	0.642	0.00333010343858446	0.463734151245327	133.675793619847	126.713400499175	2e-05	209.739895520402
"91"	0.64	0.00135607740970612	2.17134663452153	2.66196048629268	1.81887224261586	2.01785316513319e-05	32.39116580089
"92"	0.223	6.02899049595802e-05	0.0641230960925691	123.525226621184	0.0969218994978315	0.000433695735401577	2624.40146619337
"93"	0.817	0.0036290864072765	1.69086818992187	8.46575104204736	0.0113040707194577	2e-05	6649.2045652426
"94"	0.817	0.00322511346882942	2.02046446216746	121.840914314906	0.0123139560787432	2.3219543290494e-05	6714.47147293226
"95"	0.39	0.00515689108262455	4.53254210652685	0.001	0.252371923477432	0.000768953450428312	670.651626404491
"96"	0.419	0.00344392544076647	8.16605511020024	0.001	948.20456221353	0.000506745962059489	0
"97"	0.818	0.00329488192621606	10.1965249622154	1.68615357285285	1.31152857285285	4.38156238619199e-05	6550.60745747843
"98"	0.64	0.00360566728600431	10.6926083933964	15.8974789552796	9.63813298961603	2.05667891823693e-05	0
"99"	0.64	0.00273632828251179	22.9724964877652	43.6710210138552	135.845095478198	2e-05	0
"100"	0.641	0.00313114049917717	8.77098294090548	127.196813414747	0.126590609950475	2.45569585900098e-05	171.49475252675
