"X1"	"X2"	"X3"	"X4"
"1"	0.265	0.000138095700524969	0.0166056239083848	160.489706898423
"2"	0.266	0.000138081434333567	0.0166367739212566	48.5954248249569
"3"	0.271	0.000138254450575472	3.55218326799871	1703.2857961064
"4"	0.272	0.000138210449680968	0.616754398567165	1478.73204468866
"5"	0.272	0.000138507161840859	1.00575431742156	1264.61777130626
"6"	0.271	0.000138494076941029	16.7951730665608	1426.79448439485
"7"	0.271	0.000138349075172923	13.0222878151614	1667.37216222251
"8"	0.271	0.000138691989329306	978.549552309905	1644.39620918133
"9"	0.271	0.000138247308665452	967.287285161075	1690.33764198543
"10"	0.264	0.000138420519527924	0.0166059871239504	389.235288377403
"11"	0.271	0.000138186226455527	2.11614813745488	1622.01711356658
"12"	0.271	0.000138378446266036	2.71089234661905	1549.70199163188
"13"	0.271	0.000138614245580254	4.74804190437662	1479.95900371621
"14"	0.271	0.000138215051157951	6.70442533840821	1476.95182793731
"15"	0.271	0.000138330011755938	16.6664570089939	1477.14420321444
"16"	0.271	0.000138751719524366	18.0200768612735	1697.38031007994
"17"	0.271	0.00013816032847174	18.9428115832145	1473.74823450927
"18"	0.271	0.00013878662799852	16.6387513564281	1492.21760915815
"19"	0.271	0.000138588267594135	15.7987448657564	1603.77346344425
"20"	0.271	0.000138752551292087	205.307326108455	1482.77233250175
"21"	0.271	0.000138145886217602	206.267158396159	1540.67946950846
"22"	0.271	0.000138489518872954	780.445086648646	1451.11492725807
"23"	0.272	0.000138804983544705	1.14484620203681	1690.34428153664
"24"	0.271	0.000138047485509995	2.69647503492776	1708.34128981332
"25"	0.271	0.000138118245708892	1.89884458895041	1633.55057993427
"26"	0.272	0.000138356606375027	0.852490076246932	1276.09744761607
"27"	0.271	0.000138523512227183	4.35179332583994	1440.64042924763
"28"	0.271	0.000138550471225478	16.8890579101455	1451.12185653124
"29"	0.271	0.00013836728895511	15.9628939008509	1660.69328474442
"30"	0.271	0.000138780068069731	28.9866046871151	1691.00504186398
"31"	0.271	0.000138872024672107	207.92292942662	1458.8841482246
"32"	0.271	0.00013834236538128	596.139271431609	1628.15417166508
"33"	0.264	0.000138021933838041	0.0165587948379597	487.761534273815
"34"	0.283	0.000169054761671329	1.93875347421599	1824.02540488203
"35"	0.271	0.00013820890426577	1.53730099015873	1370.77375235113
"36"	0.272	0.000138335125351348	0.723780467330391	1445.72537909084
"37"	0.273	0.000138173280681657	0.457261103952131	1236.05283462297
"38"	0.271	0.00013806510316166	3.10160215338315	1724.05594803417
"39"	0.271	0.00013879523407445	54.0095573036421	1741.66940695858
"40"	0.271	0.000138939332305493	70.5532570709898	1667.90981329618
"41"	0.271	0.000138981971785483	199.087061981183	1750.57090799669
"42"	0.304	0.000241436609112476	0.0261860468416619	2204.76063105626
"43"	0.264	0.000138075572003882	0.0165587948379597	475.49999459428
"44"	0.272	0.00013816597004719	0.667044543016418	1538.44751092284
"45"	0.272	0.000138988666493931	0.726173897718295	1399.55433258334
"46"	0.273	0.000138493258513764	0.454322455231787	1320.34865044402
"47"	0.271	0.000138289841809755	1.43063948857967	1535.77027201123
"48"	0.272	0.000138471557268028	142.832519382746	1906.47978360031
"49"	0.271	0.00013844337688666	61.0745068887644	1488.49324039573
"50"	0.271	0.000138821920189272	714.868265295038	1653.66646453714
"51"	0.271	0.000138487975600576	595.967783966344	1605.33900961442
"52"	0.271	0.000138914354048915	493.996642042809	1620.83725429529
"53"	0.271	0.000138137787239713	2.43062655873103	1618.09205717028
"54"	0.271	0.000138260064318299	5.1627019632469	1615.84126215552
"55"	0.271	0.000138388422084571	17.5067577190682	1526.13785060673
"56"	0.271	0.000138066049343501	108.689328170544	1824.52221308274
"57"	0.271	0.000139059851063372	52.6742823197146	1500.50448870959
"58"	0.271	0.000138903747452113	842.767213923977	1690.23074561468
"59"	0.271	0.000139442917893838	499.986724563673	1605.48505445907
"60"	0.264	0.000138021933838041	0.0165587948379597	441.521377563102
"61"	0.281	0.000139044234305079	42.3799512464939	2396.63371380368
"62"	0.264	0.000138021933838041	0.0165587948379597	428.375854683163
"63"	0.275	0.000138116144460912	0.0635744809358457	1038.67720818118
"64"	0.271	0.000138331056647926	1.4144127885952	1424.04587852675
"65"	0.271	0.000138259265879341	6.0650186945801	1702.74181606794
"66"	0.271	0.000138765678112426	5.57384062252238	1467.64652876345
"67"	0.271	0.000139010188090544	10.7845779220572	1503.17456732839
"68"	0.271	0.000138164915124748	17.9413743642088	1731.22345710624
"69"	0.271	0.000138265300463573	193.415875088729	1741.10238201796
"70"	0.271	0.000138915334138366	262.723474674775	1681.86539218374
"71"	0.271	0.000139342474005937	833.884130354147	1668.25081752357
"72"	0.271	0.000138240199889067	844.020084141238	1429.21159340252
"73"	0.271	0.000138134626904232	1.74025899386734	1552.35765603342
"74"	0.272	0.000138742832927379	3.23630744274975	1868.25975109425
"75"	0.271	0.000138117017718067	1.65360318633981	1538.57575345963
"76"	0.264	0.000138137819324167	0.0167569795379755	427.942699201213
"77"	0.271	0.000138565354032558	64.0177912848456	1492.75927224241
"78"	0.271	0.000139144872629124	811.053738518787	1641.7551903951
"79"	0.271	0.000139089579027851	902.967919123402	1489.60342883513
"80"	0.271	0.00013872299690785	461.095422252265	1612.26404763289
"81"	0.271	0.000138880948620539	362.279645560033	1611.99205508677
"82"	0.271	0.000138765924913608	161.98485579454	1720.07666054927
"83"	0.271	0.000139383409896627	611.239074780959	1609.8756793107
"84"	0.264	0.000138021933838041	0.0165587948379597	502.764302439421
"85"	0.273	0.000138203581494751	0.617539327886347	1670.01865067234
"86"	0.277	0.000138324692660111	0.0835298275810773	1169.72272490742
"87"	0.271	0.000138515876162101	2.45975919563057	1551.48970033903
"88"	0.271	0.000138270472906298	5.11777667264712	1669.68135709019
"89"	0.271	0.000138408910731672	19.3832424680851	1597.00196301252
"90"	0.271	0.000138180013011111	67.15501073566	1742.64441119042
"91"	0.271	0.00013913383555072	221.441830707072	1490.10508976732
"92"	0.271	0.000138429473805602	902.028543427279	1482.87495486616
"93"	0.271	0.000138074378954457	872.035267720438	1372.35777969494
"94"	0.271	0.000138322492492437	888.574653288545	1679.96189329163
"95"	0.264	0.000138021933838041	0.016586659216753	470.272527057298
"96"	0.272	0.000138021933838041	0.0387418910503805	939.946940171604
"97"	0.271	0.000138093892045952	2.89418566761351	1711.76633398799
"98"	0.266	0.000138276147569803	0.0166000126492592	54.7784444322777
"99"	0.271	0.000138339845054373	901.59878561147	1793.08310551822
"100"	0.271	0.000138717247098413	831.620493225913	1535.95616648349
