"X1"	"X2"	"X3"	"X4"
"264"	3.33553274773866e-05	0.00464158883361278	0.1	3848.76516959916
"473"	3.33553274773866e-05	0.00464158883361278	2.15443469003188	4630.44019815396
"744"	3.33553274773866e-05	0.00464158883361278	215.443469003188	176.906521634096
"855"	3.33553274773866e-05	0.0215443469003188	0.00464158883361278	697.17215533734
"858"	3.33553274773866e-05	0.0215443469003188	0.00464158883361278	3328.3046295305
"2024"	3.33553274773866e-05	0.1	2.15443469003188	4031.04123256251
"2347"	3.33553274773866e-05	0.1	215.443469003188	3670.47450699294
"2955"	3.33553274773866e-05	0.464158883361278	10	697.17215533734
"3503"	3.33553274773866e-05	2.15443469003188	0.464158883361278	1203.19693382114
"3539"	3.33553274773866e-05	2.15443469003188	0.464158883361278	245.814373009733
"5087"	3.33553274773866e-05	46.4158883361277	0.1	228.689577788029
"5600"	3.33553274773866e-05	46.4158883361277	215.443469003188	1330.90074445776
"6877"	5.56288935561848e-05	0.00464158883361278	2.15443469003188	4667.5167508461
"8158"	5.56288935561848e-05	0.1	0.0215443469003188	3328.3046295305
"8192"	5.56288935561848e-05	0.1	0.0215443469003188	1602.81207717015
"8807"	5.56288935561848e-05	0.464158883361278	0.00464158883361278	461.597562509795
"9124"	5.56288935561848e-05	0.464158883361278	0.464158883361278	4031.04123256251
"9864"	5.56288935561848e-05	2.15443469003188	0.1	3848.76516959916
"10022"	5.56288935561848e-05	2.15443469003188	2.15443469003188	2986.94294829158
"10277"	5.56288935561848e-05	2.15443469003188	46.4158883361277	4667.5167508461
"10511"	5.56288935561848e-05	10	0.0215443469003188	4647.91631790271
"10647"	5.56288935561848e-05	10	0.1	3670.47450699294
"10940"	5.56288935561848e-05	10	10	4527.23877578302
"11319"	5.56288935561848e-05	46.4158883361277	0.0215443469003188	1100.92586378299
"11400"	5.56288935561848e-05	46.4158883361277	0.0215443469003188	1330.90074445776
"11459"	5.56288935561848e-05	46.4158883361277	0.1	4710.76286247136
"11940"	5.56288935561848e-05	46.4158883361277	215.443469003188	4527.23877578302
"13476"	9.27759980885611e-05	0.00464158883361278	46.4158883361277	3451.26644220218
"14231"	9.27759980885611e-05	0.0215443469003188	46.4158883361277	2456.26404457129
"14947"	9.27759980885611e-05	0.1	10	3670.47450699294
"14950"	9.27759980885611e-05	0.1	10	1548.19756223033
"15707"	9.27759980885611e-05	0.464158883361278	10	461.597562509795
"16179"	9.27759980885611e-05	2.15443469003188	0.0215443469003188	4278.9893580876
"17458"	9.27759980885611e-05	10	46.4158883361277	3328.3046295305
"17839"	9.27759980885611e-05	46.4158883361277	0.1	245.814373009733
"18354"	9.27759980885611e-05	46.4158883361277	215.443469003188	1998.74993792408
"19408"	0.000154728689914267	0.00464158883361278	0.1	893.969399802839
"19597"	0.000154728689914267	0.00464158883361278	0.464158883361278	2694.86633579374
"20288"	0.000154728689914267	0.0215443469003188	0.1	928.612371849259
"20413"	0.000154728689914267	0.0215443469003188	2.15443469003188	2415.8311714688
"20497"	0.000154728689914267	0.0215443469003188	2.15443469003188	2694.86633579374
"20790"	0.000154728689914267	0.0215443469003188	215.443469003188	2690.68925721337
"21682"	0.000154728689914267	0.464158883361278	0.00464158883361278	1977.38368703137
"21999"	0.000154728689914267	0.464158883361278	0.464158883361278	2044.40202996419
"23548"	0.000154728689914267	10	0.464158883361278	43.6315146501216
"23910"	0.000154728689914267	10	215.443469003188	2352.96878075588
"23926"	0.000154728689914267	10	215.443469003188	46.6306027144973
"23930"	0.000154728689914267	10	215.443469003188	1397.3470489468
"24070"	0.000154728689914267	46.4158883361277	0.00464158883361278	3237.85217597928
"25126"	0.000154728689914267	215.443469003188	0.464158883361278	46.6306027144973
"25239"	0.000154728689914267	215.443469003188	2.15443469003188	245.814373009733
"26396"	0.000258051306111869	0.00464158883361278	215.443469003188	819.146934687564
"27821"	0.000258051306111869	0.1	46.4158883361277	2655.81018124454
"28366"	0.000258051306111869	0.464158883361278	0.464158883361278	2270.3606225558
"28773"	0.000258051306111869	0.464158883361278	215.443469003188	4630.44019815396
"30125"	0.000258051306111869	10	10	3180.34731861018
"30262"	0.000258051306111869	10	46.4158883361277	629.336600024987
"30273"	0.000258051306111869	10	46.4158883361277	4630.44019815396
"31296"	0.000258051306111869	215.443469003188	0.00464158883361278	819.146934687564
"32001"	0.000430369291066435	0.00464158883361278	0.00464158883361278	2539.19864961033
"32833"	0.000430369291066435	0.0215443469003188	0.00464158883361278	1884.62423074008
"32909"	0.000430369291066435	0.0215443469003188	0.0215443469003188	3525.04269688515
"33015"	0.000430369291066435	0.0215443469003188	0.1	3300.93437162916
"35294"	0.000430369291066435	2.15443469003188	0.00464158883361278	3233.65996239118
"35585"	0.000430369291066435	2.15443469003188	0.464158883361278	1363.83351888394
"35785"	0.000430369291066435	2.15443469003188	10	1363.83351888394
"36339"	0.000430369291066435	10	0.464158883361278	245.814373009733
"36445"	0.000430369291066435	10	2.15443469003188	2890.21496547312
"36602"	0.000430369291066435	10	46.4158883361277	4313.83723197948
"36969"	0.000430369291066435	46.4158883361277	0.0215443469003188	1002.93938583659
"37607"	0.000430369291066435	215.443469003188	0.00464158883361278	461.597562509795
"37640"	0.000430369291066435	215.443469003188	0.00464158883361278	4527.23877578302
"38686"	0.000717755431986581	0.00464158883361278	0.1	452.91055498395
"38816"	0.000717755431986581	0.00464158883361278	2.15443469003188	2131.27529819268
"39153"	0.000717755431986581	0.00464158883361278	215.443469003188	845.946714908462
"39256"	0.000717755431986581	0.0215443469003188	0.00464158883361278	2979.72629412723
"39263"	0.000717755431986581	0.0215443469003188	0.00464158883361278	1087.04199030808
"39697"	0.000717755431986581	0.0215443469003188	2.15443469003188	2694.86633579374
"39762"	0.000717755431986581	0.0215443469003188	10	629.336600024987
"40220"	0.000717755431986581	0.1	0.1	230.264477012324
"40773"	0.000717755431986581	0.1	215.443469003188	4630.44019815396
"41634"	0.000717755431986581	2.15443469003188	0.00464158883361278	4584.6785163476
"41821"	0.000717755431986581	2.15443469003188	0.1	2655.81018124454
"41927"	0.000717755431986581	2.15443469003188	0.464158883361278	4082.03175618176
"42196"	0.000717755431986581	2.15443469003188	10	819.146934687564
"42453"	0.000717755431986581	10	0.00464158883361278	845.946714908462
"42586"	0.000717755431986581	10	0.0215443469003188	452.91055498395
"43386"	0.000717755431986581	46.4158883361277	0.0215443469003188	452.91055498395
"43569"	0.000717755431986581	46.4158883361277	0.464158883361278	1002.93938583659
"44752"	0.000717755431986581	215.443469003188	215.443469003188	3417.64392469581
"44791"	0.000717755431986581	215.443469003188	215.443469003188	3994.87953228455
"45122"	0.00119704837412927	0.00464158883361278	0.464158883361278	2986.94294829158
"45420"	0.00119704837412927	0.00464158883361278	46.4158883361277	230.264477012324
"46061"	0.00119704837412927	0.0215443469003188	2.15443469003188	4589.58184558128
"47710"	0.00119704837412927	0.464158883361278	10	2352.96878075588
"48331"	0.00119704837412927	2.15443469003188	0.464158883361278	2456.26404457129
"48552"	0.00119704837412927	2.15443469003188	10	3417.64392469581
"48698"	0.00119704837412927	2.15443469003188	46.4158883361277	1648.12532529416
"49412"	0.00119704837412927	10	46.4158883361277	2186.38128651223
"51111"	0.00119704837412927	215.443469003188	215.443469003188	4647.91631790271
