"X1"	"X2"	"X3"	"X4"
"36"	0.000160357160499191	0.00464141127083079	0.00464158875974298	207.263549051818
"697"	0.000160357160499191	0.00464141127083079	46.4158831652418	2972.35010104111
"1510"	0.000160357160499191	0.0215426985849951	215.443441573329	1818.91070722543
"1515"	0.000160357160499191	0.0215426985849951	215.443441573329	838.653151446775
"1656"	0.000160357160499191	0.0999885240165066	0.00464158875974298	882.85236997094
"2175"	0.000160357160499191	0.0999885240165066	9.99999904511402	2956.86762489246
"2371"	0.000160357160499191	0.0999885240165066	215.443441573329	377.487457774635
"2635"	0.000160357160499191	0.464087862323949	0.09999999522557	2925.84160153528
"4136"	0.000160357160499191	9.99770493499953	0.0215443462145723	207.263549051818
"4197"	0.000160357160499191	9.99770493499953	0.0215443462145723	2972.35010104111
"7772"	0.000219824115721137	0.0215426985849951	9.99999904511402	87.2968421748199
"7855"	0.000219824115721137	0.0215426985849951	46.4158831652418	1279.47724392882
"7863"	0.000219824115721137	0.0215426985849951	46.4158831652418	1370.62635176714
"7868"	0.000219824115721137	0.0215426985849951	46.4158831652418	1701.91771758783
"7875"	0.000219824115721137	0.0215426985849951	46.4158831652418	2956.86762489246
"7970"	0.000219824115721137	0.0215426985849951	215.443441573329	2098.00283564664
"8092"	0.000219824115721137	0.0999885240165066	0.00464158875974298	480.988473276884
"8118"	0.000219824115721137	0.0999885240165066	0.0215443462145723	3338.45842583482
"8608"	0.000219824115721137	0.0999885240165066	46.4158831652418	1366.4635875934
"8680"	0.000219824115721137	0.0999885240165066	46.4158831652418	3308.70567763143
"9501"	0.000219824115721137	0.464087862323949	215.443441573329	2043.89560448862
"9583"	0.000219824115721137	0.464087862323949	215.443441573329	2605.17949428477
"9733"	0.000219824115721137	2.15402263484614	0.0215443462145723	394.242130226239
"10344"	0.000219824115721137	2.15402263484614	215.443441573329	1162.77310746308
"11234"	0.000219824115721137	46.4034603677474	0.00464158875974298	2017.17139551192
"11280"	0.000219824115721137	46.4034603677474	0.00464158875974298	3308.70567763143
"11593"	0.000219824115721137	46.4034603677474	0.464158853813357	1196.4545251004
"12291"	0.000219824115721137	215.377543956413	0.09999999522557	415.621977567714
"13082"	0.000301343835860848	0.00464141127083079	0.09999999522557	1350.21443381327
"13828"	0.000301343835860848	0.0215426985849951	0.09999999522557	1755.38707700492
"14420"	0.000301343835860848	0.0999885240165066	0.00464158875974298	86.1658124693117
"15378"	0.000301343835860848	0.464087862323949	0.0215443462145723	2264.59129197159
"15716"	0.000301343835860848	0.464087862323949	9.99999904511402	3172.48184237595
"15880"	0.000301343835860848	0.464087862323949	46.4158831652418	3308.70567763143
"16310"	0.000301343835860848	2.15402263484614	0.464158853813357	1818.91070722543
"16362"	0.000301343835860848	2.15402263484614	0.464158853813357	1900.71279850247
"16618"	0.000301343835860848	2.15402263484614	46.4158831652418	3338.45842583482
"16846"	0.000301343835860848	9.99770493499953	0.00464158875974298	1060.45315079134
"16933"	0.000301343835860848	9.99770493499953	0.0215443462145723	394.242130226239
"17175"	0.000301343835860848	9.99770493499953	0.464158853813357	2956.86762489246
"17270"	0.000301343835860848	9.99770493499953	2.15443451859526	2098.00283564664
"17336"	0.000301343835860848	9.99770493499953	9.99999904511402	207.263549051818
"17413"	0.000301343835860848	9.99770493499953	46.4158831652418	2504.22782790559
"17559"	0.000301343835860848	9.99770493499953	215.443441573329	2163.88048102481
"17772"	0.000301343835860848	46.4034603677474	0.0215443462145723	87.2968421748199
"17934"	0.000301343835860848	46.4034603677474	0.464158853813357	2017.17139551192
"18531"	0.000301343835860848	215.377543956413	0.0215443462145723	2895.20957561098
"18532"	0.000301343835860848	215.377543956413	0.0215443462145723	890.223843047758
"18620"	0.000301343835860848	215.377543956413	0.09999999522557	86.1658124693117
"18813"	0.000301343835860848	215.377543956413	2.15443451859526	2504.22782790559
"18872"	0.000301343835860848	215.377543956413	2.15443451859526	87.2968421748199
"20271"	0.000413094382813423	0.0215426985849951	0.09999999522557	377.487457774635
"20939"	0.000413094382813423	0.0999885240165066	0.0215443462145723	3305.34592643533
"23011"	0.000413094382813423	2.15402263484614	46.4158831652418	695.882456941831
"23076"	0.000413094382813423	2.15402263484614	46.4158831652418	2405.77144496996
"23284"	0.000413094382813423	9.99770493499953	0.00464158875974298	1384.62309382727
"23783"	0.000413094382813423	9.99770493499953	9.99999904511402	2605.17949428477
"24490"	0.000413094382813423	46.4034603677474	2.15443451859526	641.319285789308
"26315"	0.000566286576343983	0.00464141127083079	215.443441573329	838.653151446775
"26950"	0.000566286576343983	0.0215426985849951	9.99999904511402	239.837095732042
"27342"	0.000566286576343983	0.0999885240165066	0.0215443462145723	1044.02470042546
"27934"	0.000566286576343983	0.0999885240165066	215.443441573329	2017.17139551192
"28076"	0.000566286576343983	0.464087862323949	0.00464158875974298	2405.77144496996
"28260"	0.000566286576343983	0.464087862323949	0.09999999522557	2263.04866796595
"28351"	0.000566286576343983	0.464087862323949	0.464158853813357	832.475966231323
"28513"	0.000566286576343983	0.464087862323949	9.99999904511402	2504.22782790559
"28650"	0.000566286576343983	0.464087862323949	46.4158831652418	239.837095732042
"28754"	0.000566286576343983	0.464087862323949	215.443441573329	796.185672804269
"29031"	0.000566286576343983	2.15402263484614	0.09999999522557	2895.20957561098
"29431"	0.000566286576343983	2.15402263484614	46.4158831652418	2895.20957561098
"30795"	0.000566286576343983	46.4034603677474	0.464158853813357	1053.18233735632
"30830"	0.000566286576343983	46.4034603677474	2.15443451859526	2933.01743796469
"30860"	0.000566286576343983	46.4034603677474	2.15443451859526	2263.04866796595
"32590"	0.000776288664017559	0.00464141127083079	9.99999904511402	641.319285789308
"33204"	0.000776288664017559	0.0215426985849951	2.15443451859526	232.115891472621
"33511"	0.000776288664017559	0.0215426985849951	215.443441573329	695.882456941831
"33883"	0.000776288664017559	0.0999885240165066	0.09999999522557	2605.17949428477
"33923"	0.000776288664017559	0.0999885240165066	0.464158853813357	245.306145670331
"35405"	0.000776288664017559	2.15402263484614	0.09999999522557	2561.48900794576
"37152"	0.000776288664017559	46.4034603677474	0.464158853813357	50.1246422217241
"37960"	0.000776288664017559	215.377543956413	0.464158853813357	2263.04866796595
"38335"	0.000776288664017559	215.377543956413	215.443441573329	2925.84160153528
"40097"	0.00106416806446796	0.0999885240165066	0.00464158875974298	2972.35010104111
"40250"	0.00106416806446796	0.0999885240165066	0.09999999522557	239.837095732042
"40736"	0.00106416806446796	0.0999885240165066	215.443441573329	207.263549051818
"42971"	0.00106416806446796	9.99770493499953	9.99999904511402	377.487457774635
"43592"	0.00106416806446796	46.4034603677474	0.464158853813357	480.988473276884
"43958"	0.00106416806446796	46.4034603677474	215.443441573329	2344.44420169854
"44828"	0.00145880485175792	0.00464141127083079	0.00464158875974298	1755.38707700492
"44837"	0.00145880485175792	0.00464141127083079	0.00464158875974298	17.4978497250582
"46024"	0.00145880485175792	0.0215426985849951	2.15443451859526	2021.09810664887
"46998"	0.00145880485175792	0.0999885240165066	9.99999904511402	2889.34988078066
"47350"	0.00145880485175792	0.464087862323949	0.0215443462145723	239.837095732042
"48006"	0.00145880485175792	2.15402263484614	0.00464158875974298	157.415245173516
"48527"	0.00145880485175792	2.15402263484614	9.99999904511402	2374.84055591771
"48819"	0.00145880485175792	9.99770493499953	0.00464158875974298	2609.44142137355
"49201"	0.00145880485175792	9.99770493499953	2.15443451859526	2043.89560448862
"49668"	0.00145880485175792	46.4034603677474	0.00464158875974298	1701.91771758783
"50026"	0.00145880485175792	46.4034603677474	2.15443451859526	1363.1563791335
"50640"	0.00145880485175792	215.377543956413	0.09999999522557	2128.36464042291
