"X1"	"X2"	"X3"	"X4"
"304"	0.000162026627214798	0.00632517236218018	0.464158883361278	264.51154758525
"1169"	0.000162026627214798	0.0282439926094732	0.464158883361278	294.451807454315
"1912"	0.000162026627214798	0.126118795322285	0.464158883361278	257.498042178808
"2014"	0.000162026627214798	0.126118795322285	2.15443469003188	276.964528001451
"2220"	0.000162026627214798	0.126118795322285	46.4158883361277	343.443321500715
"3502"	0.000162026627214798	2.51470625980884	0.464158883361278	63.8525668391358
"3748"	0.000162026627214798	2.51470625980884	10	252.452365621677
"4718"	0.000162026627214798	11.2289975592942	215.443469003188	122.296000376323
"5137"	0.000162026627214798	50.1411986767081	0.464158883361278	4.6541072998213
"5851"	0.000162026627214798	223.897083551875	0.1	345.447588981888
"7059"	0.000221812507152998	0.00632517236218018	46.4158883361277	331.747375851455
"8122"	0.000221812507152998	0.126118795322285	0.0215443469003188	376.558092445945
"8931"	0.000221812507152998	0.563162253774611	0.0215443469003188	337.379797263438
"9202"	0.000221812507152998	0.563162253774611	2.15443469003188	63.8525668391358
"9360"	0.000221812507152998	0.563162253774611	10	283.004875808145
"10721"	0.000221812507152998	11.2289975592942	0.464158883361278	86.2875846577049
"10758"	0.000221812507152998	11.2289975592942	0.464158883361278	388.641255595134
"10880"	0.000221812507152998	11.2289975592942	2.15443469003188	337.625678214296
"11528"	0.000221812507152998	50.1411986767081	0.464158883361278	373.19982131697
"12661"	0.000221812507152998	223.897083551875	46.4158883361277	238.484566758955
"12893"	0.000303658658920756	0.00632517236218018	0.00464158883361278	392.101704988128
"12924"	0.000303658658920756	0.00632517236218018	0.0215443469003188	113.930094311074
"13604"	0.000303658658920756	0.0282439926094732	0.00464158883361278	264.51154758525
"13822"	0.000303658658920756	0.0282439926094732	0.1	376.558092445945
"14006"	0.000303658658920756	0.0282439926094732	2.15443469003188	295.308401311656
"14081"	0.000303658658920756	0.0282439926094732	2.15443469003188	314.85351184788
"14577"	0.000303658658920756	0.126118795322285	0.0215443469003188	112.880363562816
"14723"	0.000303658658920756	0.126118795322285	0.464158883361278	209.611128441743
"15211"	0.000303658658920756	0.563162253774611	0.00464158883361278	149.984110028842
"15584"	0.000303658658920756	0.563162253774611	0.464158883361278	12.0063128093204
"15882"	0.000303658658920756	0.563162253774611	46.4158883361277	269.348382404663
"16167"	0.000303658658920756	2.51470625980884	0.0215443469003188	364.486056353065
"16312"	0.000303658658920756	2.51470625980884	0.464158883361278	257.498042178808
"16540"	0.000303658658920756	2.51470625980884	10	320.749559876606
"16852"	0.000303658658920756	11.2289975592942	0.00464158883361278	325.389258185452
"17956"	0.000303658658920756	50.1411986767081	0.464158883361278	78.251099397905
"18437"	0.000303658658920756	223.897083551875	0.00464158883361278	4.6541072998213
"18480"	0.000303658658920756	223.897083551875	0.00464158883361278	337.625678214296
"18547"	0.000303658658920756	223.897083551875	0.0215443469003188	379.588328909958
"19068"	0.000303658658920756	223.897083551875	46.4158883361277	392.603923102652
"19075"	0.000303658658920756	223.897083551875	46.4158883361277	49.0253850302736
"19564"	0.000415705057938639	0.00632517236218018	0.464158883361278	136.45677181739
"20313"	0.000415705057938639	0.0282439926094732	0.464158883361278	105.460531719738
"20393"	0.000415705057938639	0.0282439926094732	0.464158883361278	392.101704988128
"21250"	0.000415705057938639	0.126118795322285	2.15443469003188	1.08100285648826
"21509"	0.000415705057938639	0.126118795322285	215.443469003188	1.29050910033047
"22120"	0.000415705057938639	0.563162253774611	10	343.443321500715
"22763"	0.000415705057938639	2.51470625980884	0.464158883361278	57.9861852661102
"22768"	0.000415705057938639	2.51470625980884	0.464158883361278	392.603923102652
"22898"	0.000415705057938639	2.51470625980884	2.15443469003188	29.4441035934041
"23792"	0.000415705057938639	11.2289975592942	10	358.203522561837
"24123"	0.000415705057938639	50.1411986767081	0.0215443469003188	209.611128441743
"25520"	0.000415705057938639	223.897083551875	215.443469003188	343.443321500715
"25612"	0.000569095232818192	0.00632517236218018	0.00464158883361278	257.498042178808
"26036"	0.000569095232818192	0.00632517236218018	2.15443469003188	185.964660208979
"26891"	0.000569095232818192	0.0282439926094732	2.15443469003188	240.070015272057
"27404"	0.000569095232818192	0.126118795322285	0.1	264.51154758525
"27467"	0.000569095232818192	0.126118795322285	0.1	364.486056353065
"27489"	0.000569095232818192	0.126118795322285	0.1	19.7488053135178
"27524"	0.000569095232818192	0.126118795322285	0.464158883361278	113.930094311074
"28064"	0.000569095232818192	0.563162253774611	0.00464158883361278	136.45677181739
"28173"	0.000569095232818192	0.563162253774611	0.0215443469003188	340.75008222227
"28434"	0.000569095232818192	0.563162253774611	2.15443469003188	147.563739099717
"28987"	0.000569095232818192	2.51470625980884	0.0215443469003188	387.564649316896
"29008"	0.000569095232818192	2.51470625980884	0.1	220.678150593963
"29133"	0.000569095232818192	2.51470625980884	0.464158883361278	346.030330084017
"29259"	0.000569095232818192	2.51470625980884	2.15443469003188	331.747375851455
"31433"	0.000569095232818192	223.897083551875	0.1	346.030330084017
"31564"	0.000569095232818192	223.897083551875	0.464158883361278	136.45677181739
"31819"	0.000569095232818192	223.897083551875	46.4158883361277	134.719390201656
"33315"	0.000779084540424806	0.0282439926094732	10	247.105342655481
"33567"	0.000779084540424806	0.0282439926094732	215.443469003188	364.486056353065
"34729"	0.000779084540424806	0.563162253774611	0.464158883361278	76.985707986131
"35641"	0.000779084540424806	2.51470625980884	2.15443469003188	113.526730184875
"36192"	0.000779084540424806	11.2289975592942	0.0215443469003188	358.203522561837
"36431"	0.000779084540424806	11.2289975592942	2.15443469003188	337.379797263438
"36491"	0.000779084540424806	11.2289975592942	2.15443469003188	240.070015272057
"37372"	0.000779084540424806	50.1411986767081	10	74.7530109452623
"38003"	0.000779084540424806	223.897083551875	2.15443469003188	74.9193355881223
"38383"	0.000779084540424806	223.897083551875	215.443469003188	53.8954671989256
"38397"	0.000779084540424806	223.897083551875	215.443469003188	390.341125082451
"39470"	0.00106655738113139	0.0282439926094732	0.1	276.654615295613
"41813"	0.00106655738113139	2.51470625980884	0.1	105.460531719738
"41895"	0.00106655738113139	2.51470625980884	0.1	202.415599148248
"42044"	0.00106655738113139	2.51470625980884	2.15443469003188	167.816022104397
"42605"	0.00106655738113139	11.2289975592942	0.1	229.719854427408
"43013"	0.00106655738113139	11.2289975592942	46.4158883361277	105.460531719738
"43789"	0.00106655738113139	50.1411986767081	10	19.7488053135178
"44932"	0.00146010424828298	0.00632517236218018	0.0215443469003188	288.672031740501
"45022"	0.00146010424828298	0.00632517236218018	0.1	376.558092445945
"45636"	0.00146010424828298	0.0282439926094732	0.00464158883361278	185.964660208979
"45751"	0.00146010424828298	0.0282439926094732	0.0215443469003188	345.447588981888
"46540"	0.00146010424828298	0.126118795322285	0.0215443469003188	320.749559876606
"47235"	0.00146010424828298	0.563162253774611	0.00464158883361278	233.18804662555
"47315"	0.00146010424828298	0.563162253774611	0.0215443469003188	247.105342655481
"48006"	0.00146010424828298	2.51470625980884	0.00464158883361278	295.308401311656
"48549"	0.00146010424828298	2.51470625980884	10	265.192715224217
"50043"	0.00146010424828298	50.1411986767081	2.15443469003188	363.287177182364
"50387"	0.00146010424828298	50.1411986767081	215.443469003188	387.564649316896
"50429"	0.00146010424828298	223.897083551875	0.00464158883361278	76.985707986131
