"V2"	"V3"	"V4"	"V5"	"V6"
"1"	0.228	0.00171445817521962	0.516212070583771	0.001	3921.87769041747
"2"	0.257	3.2676731712e-05	0.156257536830123	7.18298324737208	1487.58074883818
"3"	0.257	2.09414393329648e-05	1.12283760189471	0.00324131415733222	1465.24048160794
"4"	0.258	4.59355888234233e-05	0.0340599044369743	0.0034951637181047	1542.74690179575
"5"	0.257	2.26160935117967e-05	0.260156834789639	0.00829250505683587	1682.82518735451
"6"	0.258	4.37395110221394e-05	0.163906177756652	0.00427018034552765	1662.21860023672
"7"	0.256	2.0182618413629e-05	0.168339374652725	55.595607915955	1511.12121972308
"8"	0.225	0.002	15.8239938765697	200.710034081434	2583.86037323717
"9"	0.257	2.73372806606665e-05	0.866535809178805	0.398212538466596	1580.04693337253
"10"	0.259	5.95608681390938e-05	2.14473647742666	41.5984820702444	1728.3877221556
"11"	0.26	6.27706935924907e-05	3.57664868272882	0.0191997703732343	1846.40166753863
"12"	0.23	0.000901967651944115	67.3795948653588	0.206962872533446	3758.46745860365
"13"	0.23	0.000800598618301869	52.27064435462	0.0699252939273357	3902.93177141206
"14"	0.259	4.72428874071234e-05	30.7315855839952	0.0953504441908453	1689.70372083826
"15"	0.26	6.38166275823049e-05	11.2452074350311	0.0525954298383547	1624.66507063104
"16"	0.257	3.20186474602423e-05	109.75629695154	5.42990530298535	1528.33935421573
"17"	0.257	3.24453667970998e-05	107.738799955979	375.943390089164	1498.4669951353
"18"	0.265	0.000187351772890151	994.499349335649	0.0644361680925507	4772.88985694583
"19"	0.257	2.1954558800485e-05	6.00648913489997	0.295537703673741	1657.1465697063
"20"	0.232	0.00127695855441292	984.526494165413	12.2471871731562	3698.55424193581
"21"	0.224	0.00194750617130023	0.778052828524495	0.001	4068.93204133355
"22"	0.257	2.5927227774091e-05	0.057073106154944	0.716267382840095	1401.9547270733
"23"	0.257	2.26883563722748e-05	0.186112982948151	0.00266447403325785	1540.94195771861
"24"	0.257	2.63924509125442e-05	0.209724299119258	71.3726061747548	1367.23110491453
"25"	0.257	2.28639714929281e-05	0.701523763785775	0.0288329996286319	1623.04246970175
"26"	0.257	3.16463192232659e-05	2.79806846231947	306.468425720816	1570.24999956921
"27"	0.257	3.05067605394653e-05	10.3010361050997	0.0718431325167818	1595.71087277292
"28"	0.257	2e-05	37.4714080358045	0.103099031779202	1602.89537304153
"29"	0.257	2.25498719681564e-05	37.6814483255596	0.272270057286514	1361.12914985203
"30"	0.257	2.71955805247606e-05	0.0126601580002964	0.0501367576491593	1609.16882001984
"31"	0.257	2.84799051443511e-05	0.0125579834621826	4.23360501904939	1581.57167268748
"32"	0.226	0.00196560783972883	0.0594271366328467	544.577979917084	2602.53333648462
"33"	0.231	0.00100545594191663	0.169540153375848	0.058247729760136	3670.03154622097
"34"	0.257	2.92292155060205e-05	0.257452570724435	194.29655008144	1614.59842100501
"35"	0.257	3.05927273704783e-05	0.925376114959416	11.4883557191681	1504.11898303419
"36"	0.224	0.00134215610868294	11.1013750072238	0.0153245710898288	3940.43637011621
"37"	0.231	0.00100789393555085	8.48038998005349	117.978487059417	3712.81837533393
"38"	0.257	2.33396347806765e-05	9.93062641124978	0.713703236785959	1582.0021058009
"39"	0.227	0.00190985925357907	53.071504329437	3.46680020933924	2702.5111219414
"40"	0.232	0.00117051679316936	912.1616192579	9.32588380619368	3645.18842092312
"41"	0.257	2.66369351585027e-05	619.214270894284	4.52706325233532	1514.76105521489
"42"	0.257	2.26446833567107e-05	668.588738059852	4.28577241413845	1438.01514237501
"43"	0.257	2.58471303726194e-05	0.0146656190757351	0.00152855001118835	1573.13522550094
"44"	0.257	2.82449820777053e-05	0.265818894986456	0.114622545294983	1661.24555407834
"45"	0.225	0.00168664042659293	0.697325396248569	0.001	3928.77365956343
"46"	0.257	2.48489707324735e-05	0.945441029848414	0.0044119415093183	1568.68782751912
"47"	0.257	2.9267362029026e-05	0.938361643319051	59.0660591138884	1600.83253418464
"48"	0.257	2.26818712186638e-05	2.96546866545705	0.0179452193940689	1595.16048273873
"49"	0.243	2.00003101446211e-05	52.6906806695295	0.00243326126661844	3917.58607551384
"50"	0.232	0.000871027606238925	53.8262930115863	273.647107040263	3620.96170777881
"51"	0.243	2.00219221744689e-05	93.3446261172551	0.00527976100973102	3713.00343943586
"52"	0.256	2.00071349513551e-05	0.0271473409647284	0.00249182073202156	1445.95555684622
"53"	0.243	2e-05	280.173421850856	0.0119298217026615	3873.61366765513
"54"	0.231	0.000888845450553902	211.699432945762	2.64400664039651	3711.86456673647
"55"	0.243	2.05343400221448e-05	992.551447971864	0.0575050023235459	3826.24134640555
"56"	0.226	0.00109166127440565	945.503810304132	1.54348635683037	3914.68394597502
"57"	0.225	0.00198408013743318	0.169167960564978	0.0881710876863449	2596.19198302092
"58"	0.257	2.58375182317868e-05	0.0703105153831775	1.13397886305952	1360.80214645624
"59"	0.231	0.000999350300998386	0.285697713941754	0.180250345849703	3700.151449613
"60"	0.231	0.000993110688516157	0.268259292536571	57.3241657479143	3670.73964062165
"61"	0.231	0.000992589414557024	0.268078915328517	221.668272326869	3672.54615349921
"62"	0.225	0.00199965636620001	2.34337121307116	394.656450004181	2618.834643368
"63"	0.223	0.00194733996193522	8.03294782631343	0.00875593824755853	4128.78712105943
"64"	0.225	0.00199234221847423	30.4429725921564	393.07183701027	2603.46910968061
"65"	0.257	2.81185116151098e-05	12.2836015645187	73.2774986667417	1648.60101110437
"66"	0.251	3.15284615904776e-05	74.3960304912455	0.00111795772955093	4665.40365839689
"67"	0.257	2.11589664724448e-05	31.0918702616928	0.10477768039853	1443.96761792126
"68"	0.223	0.00199468316922576	228.52202420597	0.241122004339915	4132.845697127
"69"	0.257	2.21244622291513e-05	157.389648273159	1.01603456523534	1457.171853549
"70"	0.223	0.00193983690646978	984.691103254985	1.15996494536697	4023.606343786
"71"	0.225	0.0019958701096876	919.473221636427	21.9945884603342	2529.75985405698
"72"	0.232	0.00113137477426	0.014114889051206	302.939466425386	3654.36198324958
"73"	0.226	0.002	0.765124787030303	0.00685572704119123	2643.86454346414
"74"	0.225	0.00197979312856633	0.405994994841176	0.0216257028539472	2578.57138852915
"75"	0.225	0.00198835718473501	1.14882123342584	2.8547936347799	2513.87597473124
"76"	0.231	0.000904886246222722	2.08487044846427	2.17922672673592	3717.30601956854
"77"	0.225	0.002	14.8003132780792	395.36578786863	2623.35325407392
"78"	0.225	0.00198345664836579	193.352445499401	141.47466489701	2577.86329182511
"79"	0.225	0.00199987625	0.0718700195768785	0.0874828471802686	2491.27852140279
"80"	0.225	0.00199181946016622	0.0731614408613116	0.0660247915861958	2594.06420363111
"81"	0.225	0.00198360860527537	0.0724087941051459	0.268615463330217	2587.09437698868
"82"	0.232	0.00114908717832225	0.0386310451753565	5.41728332863234	3626.95839458172
"83"	0.225	0.00199478304408458	0.277613113485613	16.1551458427512	2594.0076556008
"84"	0.225	0.00199161562803305	0.990461441764151	4.10648227544084	2594.45203661974
"85"	0.225	0.00198493923916033	0.220116528901102	0.0246378811105986	2553.3074521668
"86"	0.225	0.00198707812355815	46.0092688669817	16.8527924371533	2600.33327383789
"87"	0.225	0.002	177.622375496878	25.7831318067107	2603.41486408793
"88"	0.225	0.002	62.5363802779283	325.131693104357	2573.79376760689
"89"	0.256	2.00378132898838e-05	0.389410328349894	0.00769373866644671	1483.08359590984
"90"	0.224	0.00139379987276006	765.119847869891	0.852484684773865	4123.69910547563
"91"	0.232	0.00114966924928795	314.976589874829	379.650372860481	3655.12260006715
"92"	0.232	0.00125004173510512	0.0356641700976231	370.274476570042	3716.75278563144
"93"	0.232	0.00125259724095934	0.127985145289989	85.1457866178841	3715.48267926872
"94"	0.223	0.00196802993514562	3.73709902709885	0.00392962497066546	4145.52954638232
"95"	0.232	0.00116247587526079	5.96969485618722	0.571043612831014	3647.19868251885
"96"	0.225	0.00198421170051021	10.5609485527817	1.06862680642642	2591.82660947597
"97"	0.225	0.0019861904417603	10.5406639015205	276.59477578226	2582.48117220948
"98"	0.226	0.00195698005394058	0.0135843521489017	0.00114328069656303	2655.02358021923
"99"	0.225	0.00199833226183993	722.614400556957	18.9437402306759	2603.1091391394
"100"	0.231	0.000947308601960869	388.033875720823	122.915721408633	3663.66009440324
