"V2"	"V3"	"V4"	"V5"	"V6"
"1"	0.151	0.00109999261358205	0.635429309990572	0.001	2503.28290116771
"2"	0.162	0.00110016313852176	2.66469936520043	0.0241046028747581	2036.23992914225
"3"	0.183	0.000524452148867876	20.1383720626424	425.225254330208	1665.13432489786
"4"	0.159	9.71183010694864e-05	80.3759341068327	0.00412921343392502	2694.75547967903
"5"	0.172	2.97424923704354e-05	216.70787261226	0.00787970868532257	2354.91715637833
"6"	0.162	0.00109245014371529	935.807918962589	6.96811108336125	2111.31155575731
"7"	0.151	0.000162638964996069	928.789317384979	0.0208327980954729	3335.4263499617
"8"	0.151	0.000165219702007765	962.529721639716	0.0288661374263162	3312.93392473638
"9"	0.181	0.000172863557783962	978.945492787128	0.492824546356394	1756.02590364237
"10"	0.133	0.00109465543483181	984.210991552865	0.754777277257618	3006.63837763846
"11"	0.158	0.00124419636035262	0.465295003948281	0.001	2143.93416659314
"12"	0.163	0.00122711834815944	4.9022030878599	0.542159934551633	2038.31027993746
"13"	0.162	0.00106766827569352	16.5797136260024	9.07195572701381	2113.70304226803
"14"	0.183	0.000130173395383289	8.55990061482287	0.00387260779034494	1750.71721424479
"15"	0.117	0.00199981805605155	384.060910339466	0.239950565950562	3271.54342520485
"16"	0.117	0.00199674486038521	999.477609427851	0.638458226687616	3320.65587111193
"17"	0.164	0.000907034387392701	0.0234927874573469	0.00735024667647795	2158.15257208395
"18"	0.196	0.000292624340155488	0.0392710655690794	505.199788940607	1003.10717732276
"19"	0.163	0.00122754630302738	2.41362280958001	8.66706306681381	2090.56504757266
"20"	0.192	0.00031585079270139	2.68868888543402	5.6140658434733	1221.1097898309
"21"	0.179	0.000229641826623092	11.3631679874292	0.0067097198227566	1838.78051283845
"22"	0.162	0.00102099815133516	33.3817082665528	0.156927672105511	2050.83671399951
"23"	0.156	0.000120905297422931	45.5869612824862	0.00240258636109864	2790.31628112198
"24"	0.195	0.000286179888090568	2.17486327612983	0.110340535954496	1080.96336659336
"25"	0.162	0.00107833297175942	0.0165030745968323	0.124726856455121	2114.59593039205
"26"	0.162	0.00107797731996211	0.0164915442432882	0.493731354747383	2113.97336100437
"27"	0.183	0.000521751974210809	0.00912565790599052	93.927166338659	1707.11194831026
"28"	0.162	0.00108566035533156	0.0792493177656152	0.0719248316163995	2126.68511768893
"29"	0.19	0.000335485909269042	0.127621700707276	0.00356249367272345	1324.46998966316
"30"	0.191	0.000330017153674406	0.108617494319491	0.46489800555669	1278.71175325085
"31"	0.162	0.00107565736336905	1.33179042082237	0.855253669007552	2092.75034215336
"32"	0.155	0.00106582742354803	5.39965651840446	0.010217767733704	2304.70709143857
"33"	0.171	0.000322325829738567	31.2194829585001	0.00969478881701726	2852.926706433
"34"	0.133	0.00110763595458193	23.5471365626564	0.0186318138845849	2964.5471623479
"35"	0.162	0.00112403279190814	24.1803091777091	3.31350865729562	2121.13025407788
"36"	0.212	0.000605270988936279	158.413024274441	0.001	5078.33614623527
"37"	0.173	0.000485449940467997	188.851427241868	0.0625874634637678	3108.97969198938
"38"	0.163	0.000331783332546276	891.956581218119	0.00271183022841231	4308.27228103962
"39"	0.272	0.00182002074704335	926.015928177655	0.0286389548580557	5158.59931764109
"40"	0.182	0.000548777887126639	836.212973354199	379.861178629529	1716.95764887724
"41"	0.162	0.00106385161254319	0.0109100792906824	0.0132386966244126	2107.01730849756
"42"	0.162	0.00105740394028226	0.0108087275509365	11.716446384141	2107.21521764152
"43"	0.182	0.000540544487021694	0.0290092729489672	392.995990619751	1790.0173117133
"44"	0.156	0.00142988499672105	0.577703615289168	0.001	2327.19635607107
"45"	0.182	0.000607287535154655	0.0095804485231732	34.935593202165	1856.53807858331
"46"	0.18	0.000514809422568441	0.48326843509075	0.001	1847.17497994801
"47"	0.117	0.00199981805605155	356.870309314262	0.233199459841582	3280.71350276418
"48"	0.181	0.000359640345047467	3.93762987187481	0.00514619284203442	1738.44016273628
"49"	0.162	0.00111687476616676	59.6935123701601	1.71721798647934	2123.73871299795
"50"	0.162	0.00106494720620648	56.3675296297104	6.26305793977853	2108.63274337802
"51"	0.208	0.000119733818848619	0.539427711438048	0.00451630588730582	157.376512409478
"52"	0.191	0.000380777678713172	161.737416761714	7.9008928910061	1238.89728149591
"53"	0.191	0.000377566729415973	163.146236052856	31.8680054444104	1238.89728149591
"54"	0.182	0.000587487849294467	0.00449066491967835	0.0224243556989648	1884.84404852791
"55"	0.162	0.0010912193819508	0.0227853959115432	127.93470699785	2092.27634961117
"56"	0.185	0.000461590796437976	0.0130872076791532	0.0191776956344155	1539.52254305203
"57"	0.163	0.00122088734493969	0.106870836658148	218.998922763228	2034.45356613979
"58"	0.162	0.00103768198280985	0.186144793303897	0.00170872434754592	2131.80174569986
"59"	0.162	0.00104344006032198	0.141891210827128	0.00755740645279447	2107.02856321392
"60"	0.162	0.00106753546415167	0.143577104387451	0.00400373083151381	2131.75595343589
"61"	0.162	0.0010433077423118	0.135342332309891	0.196470592387926	2107.01961894953
"62"	0.183	0.000547147045700254	0.152880622223152	1.06124794764222	1669.88908639571
"63"	0.117	0.00199981805605155	96.4001813414412	0.062263484419165	3254.40218521267
"64"	0.162	0.00105329664518921	2.2849277933824	2.44698143470039	2132.93360384271
"65"	0.186	0.000417935686181176	0.780545704483188	7.97127103119777	1615.86962751326
"66"	0.19	0.000365384554112245	6.07179877967581	0.0453540886818138	1278.05933499097
"67"	0.117	0.00199890728864885	446.650626410471	0.274987769356715	3356.27240288883
"68"	0.199	0.000266230158640055	20.491654691267	82.2342249897422	884.716175210746
"69"	0.196	0.000311209029108442	4.8312068464464	504.504372353098	1006.98215357818
"70"	0.151	0.000210721146905717	184.982816731682	0.00523958301219267	3551.91399784175
"71"	0.117	0.00192159200956568	999.671593092004	0.636425371228463	3263.59652099832
"72"	0.13	0.00122261825739561	969.148935354527	0.810330206931673	2897.28121502617
"73"	0.182	0.000584285795871769	0.0600842384419679	5.74376174719912	1815.27002925782
"74"	0.117	0.00198038993930325	7.21035650682751	0.00434931518268503	3335.00901473654
"75"	0.162	0.00103316205741596	11.2297098379987	0.10011675647119	2123.00075138878
"76"	0.182	0.000585672068099055	3.78265243703586	22.4171728102913	1815.12501590324
"77"	0.164	9.18029195250228e-05	69.7655855340281	0.00352727801258505	2395.0686050457
"78"	0.154	0.0001507571437023	698.436388827476	0.00632897373425983	3386.75444314465
"79"	0.117	0.00196483860313822	322.602126341628	0.198516977235675	3331.06672924067
"80"	0.162	0.00109160545278095	480.289397224679	41.6784142289151	2134.07767732915
"81"	0.162	0.00112159305636873	0.00464727499809852	3.8326018335688	2094.01180869438
"82"	0.163	0.000977985794584309	0.0135356663112409	0.00185477102747286	2133.67900776963
"83"	0.162	0.00107080549070784	0.0157492550735811	3.96928021086204	2080.34874828996
"84"	0.19	0.000372681405272412	0.018616958801105	45.0292867340499	1266.878059062
"85"	0.158	0.00116566537864686	0.402493623029692	0.001	2184.93727257641
"86"	0.156	0.00127443678311461	0.514432951480131	0.001	2227.3488167857
"87"	0.162	0.00113915065608158	1.19215822072929	0.257591621713649	2091.46692662876
"88"	0.162	0.00110144255951025	2.80315547993837	1.60468411848704	2112.6252603541
"89"	0.202	0.000222987068752341	25.6486064722608	1.14584902821758	741.037535337277
"90"	0.19	0.000371824071308753	24.5500803613215	4.32365096032724	1268.69873189783
"91"	0.201	0.000236619716604901	27.6077060073166	4.57298419310491	802.817766566633
"92"	0.162	0.00104451083503446	133.565151425724	3.27706716120746	2107.34725464641
"93"	0.162	0.00104398848224689	133.72297997811	13.0199800659079	2118.23971236321
"94"	0.162	0.0011243412823371	0.00469141401019645	0.730717426941798	2048.94486191431
"95"	0.163	0.00122106751857907	0.0152250830206028	0.0231506159850452	2026.47303393982
"96"	0.162	0.00114140703651958	0.0192135899658283	0.241022234953209	2103.12632463561
"97"	0.162	0.00108626676337748	0.0640296607953178	30.4863018511137	2109.62010317861
"98"	0.126	0.00150653877944673	1.72740148516918	0.0014163357880702	2916.89419569051
"99"	0.163	0.000938522230271018	40.4590657415569	579.156896262744	2135.85984807754
"100"	0.117	0.00199704408825797	112.518230079239	0.0703920070056166	3334.25496607074
