"V2"	"V3"	"V4"	"V5"	"V6"
"1"	0.201	0.000825993088486336	0.257407098564991	0.0754037819785166	2080.98361578645
"2"	0.186	0.00199743822460421	0.645990504681564	1.78275785686288	1666.38261101814
"3"	0.197	0.00099026622358785	6.56508048516863	0.832568562767656	2026.19851843161
"4"	0.187	0.00170525405279833	11.5081781173619	0.59950906752361	1714.96135273111
"5"	0.192	0.00123322817816523	35.2563795193834	1.8452591765203	1884.50529253351
"6"	0.214	0.00199944465894333	999.999997639934	0.655554369009151	3672.20366421298
"7"	0.179	2.13900779158128e-05	998.769403712918	0.0364755110102335	1986.67160610727
"8"	0.192	7.91472003237352e-05	239.492187700968	0.132977938495806	1620.70140672877
"9"	0.202	0.00080216930097549	875.390478784511	9.06592459273725	2090.08860474138
"10"	0.192	0.000423673842763406	914.399753285504	16.3484477903531	1622.13361284401
"11"	0.181	2.14509454912298e-05	92.075595043474	0.001	2475.64872158494
"12"	0.19	0.000355146273910079	0.0474012081269501	0.00184129448550169	1605.37919181747
"13"	0.201	0.000806663853048596	0.47961321950794	1.00183341340567	2139.86747744431
"14"	0.202	0.000780754207723232	2.10524994409713	0.076908051022162	2078.53109081022
"15"	0.201	0.000643322364360152	1.72179883534743	1.83234984823553	1618.89931736075
"16"	0.19	0.000309768930485621	8.21476007220505	0.0261753264135235	1604.87994617468
"17"	0.19	0.00029073068349119	20.9572000904471	0.0634132287737501	1605.70818274656
"18"	0.182	2.12773705965531e-05	533.870377952775	0.00377019175168609	2616.15135640506
"19"	0.196	0.00101841994973252	209.197100190044	143.66434757422	1936.98181627874
"20"	0.198	0.000112162460647147	549.321040103761	0.013162843834411	3140.68960879158
"21"	0.195	0.0010936517400526	853.906409876008	24.5827157383756	2008.98572540145
"22"	0.218	0.000203579480970783	395.627923577469	0.00281974038918578	4161.39769363809
"23"	0.179	2.25171580119538e-05	476.189830816442	0.0255687155159593	1929.48451533761
"24"	0.189	0.00146599706508227	0.0890211467817734	0.264165010722274	1777.56130903105
"25"	0.199	0.000917551026848678	0.0581497521546225	167.302597082839	2065.72414660524
"26"	0.186	0.00194420832732387	0.585009785153789	8.35244642548122	1666.26133264353
"27"	0.19	0.000334497084696414	5.14423924266163	0.0216473237336839	1604.62107311468
"28"	0.193	0.00116382788053696	6.15946640790877	1.33475760955879	1866.85991759723
"29"	0.19	0.000365252470503239	2.19156543620616	2.75801153661394	1605.09472336498
"30"	0.19	0.000319596792581505	2.01357465173887	40.2540461447371	1609.46081161826
"31"	0.19	0.00140608274910939	23.9764754339409	8.92049708079491	1812.0009699455
"32"	0.548	0.0016906205621906	38.4443454024582	55.5448460724896	5783.87216321711
"33"	0.214	0.00195245345017394	838.211434769666	0.56286990136192	3638.71027544318
"34"	0.203	0.000691621323439952	73.9897816501322	40.3530644222763	1634.74171743975
"35"	0.315	0.000956546704513738	597.085859197407	0.00239776578054461	5575.59512282804
"36"	0.19	0.000321465673650067	0.0183562820539567	0.765046106147917	1610.21857924765
"37"	0.191	0.00128649505655744	0.206848294447971	0.0590428624234451	1848.65971646768
"38"	0.186	0.00196359005574621	0.256510677636637	2.41212865056284	1671.84853664248
"39"	0.192	0.00124141594546436	0.192145317369036	1.4199278727439	1909.70820767951
"40"	0.188	0.00157342003876116	0.268427734744477	0.202877339440282	1792.69379112952
"41"	0.186	0.00193102058158033	4.22766904030446	1.11593683368832	1684.53971758931
"42"	0.19	0.000322418241434288	1.49399095485898	40.2605229935363	1608.37168462954
"43"	0.214	0.00155921953191388	1.36863742069746	0.001	3551.61533691475
"44"	0.199	0.000105505323729727	148.535739921361	0.001	3341.45799909702
"45"	0.213	0.00108980357674066	308.207668390266	0.263380838120192	3220.40085259775
"46"	0.19	0.000284371535338639	132.038984500999	0.422396572576223	1607.9456560721
"47"	0.196	0.00103117066764532	255.344268905689	157.900338392481	1980.34683428271
"48"	0.184	3.32499267313694e-05	642.802530851137	0.0167267875071386	2703.81901778051
"49"	0.19	0.000316631524267699	394.07144967005	58.8968157377532	1616.62029113331
"50"	0.197	0.000967164269688083	848.321186813922	408.816666239851	2003.00622425228
"51"	0.186	0.00194696177819718	0.0382527507699412	0.057270990122326	1716.40449673721
"52"	0.186	0.00195123061227067	0.0380766050944668	1.21887050974702	1716.66765576303
"53"	0.188	0.00166166940033698	0.0279523212987153	146.739287355423	1849.97155709109
"54"	0.19	0.000328443198637822	0.265638375246339	0.0410577096271719	1620.11023548532
"55"	0.199	0.000882372047426013	27.5743905983867	97.2009263012745	2070.52271903872
"56"	0.188	0.00197597063426154	849.426934717628	4.43966691539161	1780.66969670059
"57"	0.187	0.00168511383506494	205.322393198859	4.69623073326827	1740.56850742165
"58"	0.191	0.000266930682515604	229.880208966355	0.581138900882557	1623.77346781955
"59"	0.186	0.00196617798305155	0.0329704089297907	0.124757632911055	1758.64317604548
"60"	0.188	0.00154629082101381	0.0223300609434893	0.0293025420172809	1749.00975505207
"61"	0.186	0.00194589086654916	0.132495163421065	1.00029912556507	1751.83903880569
"62"	0.193	0.00127138025342148	0.0193437962338759	37.8015517338437	1973.60203658108
"63"	0.186	0.00196552769416102	0.0677466477537086	0.0264320697844124	1668.33879980744
"64"	0.191	0.00129289043399514	0.0912997650580337	0.0248972725209474	1858.73232498687
"65"	0.187	0.00171193417158348	0.101707648044003	1.30595204470926	1722.42485195167
"66"	0.188	0.00155850543904044	0.367687238899294	0.792191137748611	1769.97207982056
"67"	0.188	0.00163377121520347	0.34219575027876	36.459931909681	1713.10060532316
"68"	0.214	0.00165301331528918	12.0302757844195	0.00807195946205022	3644.37940198077
"69"	0.189	0.00151992948790885	1.52238100004291	0.0374965416950566	1837.45980860892
"70"	0.196	0.00103048567632899	6.12644589471344	3.18148922122223	1914.26495409528
"71"	0.19	0.000333702382764642	13.1888024269205	1.85886059041285	1606.22358051161
"72"	0.195	0.00106780253256714	28.3408090451952	11.0095513937853	1965.64371548369
"73"	0.199	0.0008985007544239	17.8164575427348	3.68932576816043	2026.46467530779
"74"	0.193	0.00123238627624368	27.4758417509955	117.012768157817	1974.2416169735
"75"	0.179	2.23356146392774e-05	126.066950512312	0.00650027939007165	1995.99697971552
"76"	0.179	2.08000086292255e-05	100.458120513603	0.00464158883361278	1867.65675802966
"77"	0.212	0.00101732492260488	57.853874993656	0.0570815756514951	3083.48434756051
"78"	0.182	2.04031825555013e-05	937.759601813887	0.00120288914235463	2522.40183971007
"79"	0.18	2.05465410616152e-05	787.26183821804	0.0586841023245832	1710.60756005995
"80"	0.194	0.00125892497398419	457.759090284943	42.1929757509168	2000.76007621085
"81"	0.186	0.00197436023854734	0.0173261960074136	0.153682289025256	1775.38557431327
"82"	0.186	0.00196112626901968	0.0171849108798177	7.2922463195671	1669.33129443437
"83"	0.186	0.00195250746483877	0.0565668115673187	311.942729682879	1704.2662293855
"84"	0.214	0.00164842057079746	1.43315083440354	0.001	3554.75928762802
"85"	0.186	0.00195592434535103	16.272910836358	3.07036232117203	1696.8190508559
"86"	0.204	0.00012384260863597	456.145082590078	0.001	3397.98070308651
"87"	0.187	0.00169150979361996	204.24084380621	45.2747338878207	1771.59661394454
"88"	0.187	0.00170443950319176	0.00642560262785408	0.00326513790556828	1776.26765441662
"89"	0.186	0.00198972055263715	0.00452522100493696	0.0512197819080981	1653.11526493613
"90"	0.187	0.00180542785273076	0.00653240005101808	0.740630569582729	1813.49935862299
"91"	0.186	0.00194290399273218	0.365975401124236	0.0437849729432411	1682.1197551935
"92"	0.186	0.00199937989463313	0.593811101486507	63.7537606983303	1680.32444350944
"93"	0.214	0.00172854362891741	1.51168067755943	0.001	3664.76154101021
"94"	0.186	0.00194952579141111	0.223810797271084	142.618208497966	1666.52482250569
"95"	0.188	0.00156307833499527	6.69076170134505	39.0678363324178	1773.25670516726
"96"	0.191	0.00132589792313246	87.0219362041783	1.79640042790944	1885.81411547688
"97"	0.194	0.00121202690385356	94.4384842155926	8.34490782767893	2010.76363657895
"98"	0.182	2.22298046806768e-05	437.711247363764	0.001	2626.98956448631
"99"	0.186	0.00195353367718807	173.068138731545	183.924805920179	1678.92800874512
"100"	0.187	0.00168439375845545	84.1789221034303	58.0156840757524	1740.69417030597
