"V2"	"V3"	"V4"	"V5"	"V6"
"1"	0.277	0.00199323592509594	0.290324904504045	4.77694620502667	2599.27974690312
"2"	0.277	0.00198910304332443	1.45844619126442	0.648887259053078	2626.35291091982
"3"	0.335	0.000335458968262998	3.32603958541312	0.254661613052064	3116.8652685798
"4"	0.259	0.00197781599351868	109.493814877339	0.0900532488431356	4074.94221716045
"5"	0.35	3.41557009609052e-05	24.690855500739	0.788529853805785	1164.63417789032
"6"	0.277	0.00199221444421004	997.8724956968	201.360163844372	2671.5462782796
"7"	0.289	0.00108519382608157	838.909114862921	996.695641802635	2898.28528535259
"8"	0.314	0.000108949232964614	914.045486552642	0.0362077142614922	3925.97981351065
"9"	0.316	0.000142942739569645	962.419304544499	0.0383818001738442	4004.9137329916
"10"	0.346	0.000169964664502701	735.083569038495	2.62878232259107	1934.73209582265
"11"	0.287	0.00115156465929901	854.656503438518	539.246598110989	2714.85016929255
"12"	0.277	0.00190295277098377	0.496500314108616	1.15874339674563	2648.40835801119
"13"	0.293	0.00112216404364228	1.16442433940089	568.715110559591	3290.86957205732
"14"	0.277	0.00193956966265797	8.83605103206779	54.4193201710919	2665.81192317795
"15"	0.293	0.00137573430161847	5.24422804214071	4.35107634801338	3359.00823670184
"16"	0.263	0.00168944740993635	48.3633312206059	0.0416342675458754	4091.45890025213
"17"	0.293	0.00111143217454652	21.2980699910986	3.76973483556748	3302.40795987536
"18"	0.282	0.00148283100751448	99.2126128484647	0.774719954049179	2797.08561543099
"19"	0.278	0.00199783026613499	87.4479617648661	0.366705652238966	2678.83421974319
"20"	0.323	0.000270829032273942	462.638614959433	0.0180398209586961	4610.59349529349
"21"	0.293	0.00136666717418223	323.181920116506	18.7521982293126	3341.68258226555
"22"	0.277	0.00198821633121277	985.580078244396	15.2751181964224	2580.83204176627
"23"	0.277	0.00192564192601664	0.059905233112727	0.272326529538052	2637.82707587902
"24"	0.345	0.000259729626902443	0.0355194652013665	0.347565578916771	2298.24676976953
"25"	0.293	0.00142277179076693	0.184760944840518	22.5880046333106	3369.74476252348
"26"	0.259	0.00199782627604899	20.6448010658706	0.0158384439433911	4141.0875527983
"27"	0.293	0.00142889163172811	0.867666317793651	10.3907773823502	3404.14057532145
"28"	0.277	0.00198726221482167	18.786361044029	151.360903244523	2649.66482351262
"29"	0.348	0.000362467788146155	20.3019590374146	0.00570533168724994	3851.911800571
"30"	0.347	8.94076480446133e-05	212.527550065777	0.244886984019083	1754.4439500187
"31"	0.349	0.000102101800663794	0.00435477300682189	0.0194171245619743	1554.77629204434
"32"	0.277	0.00199056734494505	0.181951167466269	66.8364326540703	2577.18317168149
"33"	0.284	0.00132743636951574	0.429608780049053	0.00308234294866434	2785.79356866211
"34"	0.277	0.00198944216794923	0.00781429808622574	0.00416563877200831	2596.35911610718
"35"	0.277	0.00195985404775094	2.53178458140241	1.11668681540733	2626.20634093058
"36"	0.277	0.00197925930089712	12.090164163567	4.22581226078513	2601.56477215991
"37"	0.349	0.000102899962562727	1.12467179384068	333.332023589183	1562.93370341431
"38"	0.315	0.000114001469040186	120.572943832173	0.00394600057753755	4129.09933632925
"39"	0.277	0.00199227698391422	0.0255521651781368	0.00360854931995348	2602.91099607702
"40"	0.345	0.000270875486189055	0.00460613453302972	74.8838212976163	2185.44694350658
"41"	0.277	0.00198174483542388	0.164756873730893	0.0100098791661842	2632.36257566517
"42"	0.277	0.00198263131153805	0.108871296038913	68.6401524750217	2627.3718031636
"43"	0.349	0.000102617362442364	0.0818323634407443	0.30452883888293	1528.92936852583
"44"	0.277	0.00196042516017051	0.425356954161264	1.14719359915868	2627.13535082011
"45"	0.279	0.00170026719088983	0.0835635252950366	0.0152766436326	2635.36914033462
"46"	0.349	9.83929498825932e-05	5.30325404112733	0.311322683641847	1561.36633829457
"47"	0.345	0.000269743820335093	4.91755951954032	4.58381184080763	2185.06046902579
"48"	0.277	0.0019760615076517	174.487573897372	2.32160247061363	2670.70847465946
"49"	0.313	2.03109734232928e-05	266.059002908651	0.0153630988962912	2860.66979879688
"50"	0.346	0.000199919321207947	64.6200910358427	0.201331524091718	1903.13943245137
"51"	0.259	0.00198295003484588	955.983286871958	0.729448113320075	4064.67446373362
"52"	0.277	0.00198827148991885	709.201284253358	41.318865398719	2613.98278050966
"53"	0.277	0.0019892266256936	0.0163316150903854	0.260964116708574	2703.93313046056
"54"	0.277	0.0019903056185483	0.0772742605501766	0.00420055469909795	2577.64056878561
"55"	0.277	0.00194507746384877	3.12395356661978	44.8356174183362	2591.70799119264
"56"	0.277	0.00193351495812775	0.142397953780807	0.0430425980833818	2696.21067675213
"57"	0.315	0.000131945516408949	330.490866252724	0.0131806799646367	4099.46940073783
"58"	0.277	0.00199536910342329	994.715999453951	9.18904098772081	2707.69888262093
"59"	0.277	0.00196203128581351	946.197470381783	306.83074966743	2687.84654731671
"60"	0.277	0.00192440518208986	0.00809428771112735	234.462297852289	2640.2241807572
"61"	0.277	0.00191608069082895	0.0376692966950155	0.0263153393633441	2613.50793085414
"62"	0.277	0.0019904124254777	0.157208456893706	0.0169317594084044	2595.73382043262
"63"	0.277	0.00198838619045241	0.156382104692983	16.7642481620713	2576.08228267184
"64"	0.346	0.000188972610834909	0.0956776015010739	16.767588821943	1960.29330037966
"65"	0.277	0.00195542723366073	0.621648835590395	4.04159951295295	2676.29242965931
"66"	0.346	0.00018497808107693	0.385587323773932	16.7988700821719	1963.4508814293
"67"	0.346	0.000189385323044743	0.383302186695615	275.202060618934	1982.79181060804
"68"	0.277	0.00197903776848649	2.61599586213151	0.68780584005378	2630.4473843212
"69"	0.277	0.00197903332979858	2.61601141721363	2.73628501562203	2630.2464164103
"70"	0.349	2.00000021943324e-05	12.6017479002641	0.0250349158712811	950.638326467199
"71"	0.278	0.0017766402034643	0.04522368101238	0.00318111204707475	2636.68343163841
"72"	0.278	0.00185384226032953	32.8572691479582	0.286873542849006	2670.26888012517
"73"	0.349	2e-05	8.96983846769	0.0238225764560179	838.978293795654
"74"	0.312	3.05072744140191e-05	710.972159228152	0.0331929092400489	3203.06029010994
"75"	0.277	0.00195987253749238	0.0273921076445792	0.0958745228370289	2621.73266349962
"76"	0.277	0.00198952088964352	0.0326610451669394	0.265983239758405	2574.70510477922
"77"	0.277	0.0019864656249266	0.133951711172218	67.7397688193289	2601.98870207379
"78"	0.277	0.00194543923958776	2.44892308382071	0.108722761887984	2575.74133627185
"79"	0.277	0.00199284431758335	0.037189686903635	0.0063800980626223	2671.77323158441
"80"	0.277	0.00199624958876648	0.0555743032224602	0.0165931750208661	2574.78601773279
"81"	0.277	0.00198137667348644	8.50917855601735	0.114066397098237	2576.76981246108
"82"	0.277	0.00198532858280304	8.2670515202567	0.113701224344832	2577.80830352857
"83"	0.277	0.00198377641246487	35.0489708950431	0.346310427314208	2707.55268193035
"84"	0.349	0.000133338301736564	32.4691248967551	76.5538569445509	1530.59899473631
"85"	0.312	2.10234775059889e-05	129.815312388249	0.00554091329209095	3309.13697337138
"86"	0.277	0.00198158505490642	138.211055195372	16.9697573732964	2656.82066473889
"87"	0.277	0.00199553298354478	0.0147361347013474	0.00300771993380164	2723.54926638209
"88"	0.278	0.00187734591208724	0.00632451725257778	29.0123936197074	2699.1075949914
"89"	0.277	0.00199433288954239	0.152148475943421	0.00279626608753652	2611.24740599376
"90"	0.277	0.00199838504612007	0.484821639513085	49.2608137811624	2697.08783673454
"91"	0.277	0.00198550624235438	7.08508759691476	1.06462095026107	2602.00427359148
"92"	0.277	0.00195977650020128	4.58144767115346	2.68038193883577	2595.70469649586
"93"	0.278	0.00188559716499025	1.28018043336784	1.94602758635597	2716.7964696774
"94"	0.26	0.00193641483656637	5.72286090704649	0.00495801257850039	3986.37333241991
"95"	0.277	0.00198893426926323	27.9455348982517	0.937302819116224	2685.45449572144
"96"	0.278	0.00188816948981464	5.12804932464421	1.91078423185361	2698.49828426081
"97"	0.277	0.00194831315666949	28.9215552587664	36.5599401206115	2650.46343489023
"98"	0.312	3.1822167603047e-05	84.0638269726682	0.00381796743076479	3310.71719036216
"99"	0.277	0.00199838452039785	545.548821042124	3.14102735107703	2688.82415835693
"100"	0.277	0.0019624607421776	514.773658271489	69.310102152288	2601.58945592941
