"V2"	"V3"	"V4"	"V5"	"V6"
"1"	0.177	0.00195282055801901	0.327524422023306	0.001	3522.99239495533
"2"	0.155	0.0011474426180066	0.193278189351606	0.042894534251502	3310.81040604567
"3"	0.121	2.02084101260478e-05	1.68233576787542	29.2069579835574	1844.732089914
"4"	0.352	0.00196658118445992	228.722622932055	0.001	6665.44541581011
"5"	0.121	2.25164691439813e-05	1.10144777214412	0.0311548792910455	1939.24032136037
"6"	0.118	2.25095017300315e-05	204.270827831424	0.00492407994415378	3038.51461368844
"7"	0.153	0.00105205620833904	697.733115848437	2.92745554662456	3461.9896861054
"8"	0.118	2.09400965556698e-05	651.018926108563	0.0145149356378028	3100.40054943059
"9"	0.121	2.06631996071303e-05	641.753869155849	541.999418876309	1789.47098664426
"10"	0.121	2.24106850115028e-05	0.0127026849939076	133.459822091907	1944.71253502328
"11"	0.121	2.06032007247731e-05	0.0105296516760221	311.335507762621	1886.83040327691
"12"	0.179	0.00195488123392484	0.937434467139419	0.555296428776909	3366.70114918657
"13"	0.121	2.36144712767265e-05	0.0497259383615289	0.130552550405535	1930.56519378656
"14"	0.148	0.000780231227548713	0.271562684908755	0.298103598665278	3491.55702880522
"15"	0.147	0.000810950626004521	1.33329985729558	0.0265275030022341	3426.33547667434
"16"	0.177	0.00186163786412428	4.35351445825306	0.753339693693481	3428.25815533604
"17"	0.121	2.05518058153762e-05	0.332345863294824	822.004157430722	1824.787893421
"18"	0.121	2.20011500617595e-05	0.263254999440189	339.892764427208	1966.2462414627
"19"	0.129	6.81070503444045e-05	0.472642616522406	0.803585648994246	2241.84223271186
"20"	0.14	0.000131829139235799	5.10475614601699	2.18307611131449	2572.48031415333
"21"	0.131	8.1164931558009e-05	105.86727617893	3.6146880272474	2261.21899440995
"22"	0.127	5.84459154164686e-05	268.508102604386	234.52302240478	2156.02908147379
"23"	0.148	0.000756576330928012	0.0258335269023963	0.602210347834311	3515.14615996207
"24"	0.121	2.14797957239354e-05	0.0112418437323223	343.836284563839	1966.23473264433
"25"	0.177	0.00165311003100458	12.6992011726952	0.0155921029514056	3932.0171810877
"26"	0.121	2.24565015224821e-05	0.0542738585633926	57.0304554651593	1939.21781202595
"27"	0.121	2.14041354439167e-05	0.263228073733575	0.0714729240067185	1854.11742802689
"28"	0.172	0.00166672081881133	1.44385329465823	0.41814604277923	3432.56823437329
"29"	0.147	0.000814689824073491	0.660295088114396	18.6116146740707	3406.24210456054
"30"	0.121	2.29902695941875e-05	1.05737478735803	0.135005342938416	1930.81839578754
"31"	0.148	0.000748334603112517	12.5233642242172	0.906033166847152	3453.92080330587
"32"	0.171	0.00164572495559368	904.563124726547	1.47283609442782	3693.22522858066
"33"	0.118	2.00007481513143e-05	57.6281845523153	0.0299383366386667	2137.19117166977
"34"	0.118	2.10882190958686e-05	431.678411824005	0.00225666644685267	3172.01394283217
"35"	0.118	2e-05	592.262435200017	0.00588811173309487	3120.41851138626
"36"	0.12	2.01780213389406e-05	268.238140444153	0.66521579799337	1908.98093626938
"37"	0.137	0.00011059770226699	549.340863654246	2.75845277522918	2589.5525989787
"38"	0.148	0.000770082132809335	0.0157431634953487	7.52541657581692	3515.39238049858
"39"	0.121	2.06244897730159e-05	0.0105485028414734	82.346481925546	1881.94648661466
"40"	0.147	0.000814127420599212	0.0154952011627095	349.656949646028	3425.91817049945
"41"	0.132	7.84143980024117e-05	0.0322764401653386	2.00833726176371	2414.81364037093
"42"	0.148	0.000893754171067216	0.0565567999342987	128.501062263715	3322.36780167635
"43"	0.148	0.000781511844615951	0.408272948709743	0.0267442522578762	3530.6031974121
"44"	0.148	0.000872321334592224	0.421740625358226	0.777671225653004	3333.3517113877
"45"	0.147	0.000843033992629043	1.5251088841104	80.8044927466692	3443.54663727609
"46"	0.121	2.14626250519093e-05	0.242498788958935	380.149750940032	1881.4184310108
"47"	0.147	0.0008593761752376	1.83017529683183	350.955795430836	3415.96835407208
"48"	0.148	0.000880194487351736	116.540294455771	1.69964666204143	3509.26905083725
"49"	0.119	2e-05	71.1134599241497	0.007349332093919	2883.04425718035
"50"	0.118	2.03635938335019e-05	75.0276973277045	0.0361365087404581	2115.18532904964
"51"	0.121	2.0267680151515e-05	3.84753603220777	0.171711045530146	1770.75304561801
"52"	0.132	7.946529816771e-05	62.0400398794525	201.648689392919	2424.3870359118
"53"	0.147	0.000811652546364342	298.788073344213	61.939349205506	3474.59083157688
"54"	0.148	0.000907709812884286	0.0216194372284782	0.00112662428814939	3386.90229480481
"55"	0.147	0.000846016684636288	0.0167483765522952	0.00229464473505342	3450.94833566712
"56"	0.147	0.000820344027363743	0.0111204740426928	2.28607556777121	3435.57473986707
"57"	0.201	0.00135768161261284	1.05061793747896	0.001	4694.89892835028
"58"	0.147	0.000849579521292858	2.99315037059215	0.954132645086878	3457.33497116568
"59"	0.121	2.199323995541e-05	5.00555693086882	0.818217840864582	1866.51694143774
"60"	0.137	0.000109979830731823	2.94352607584721	0.400347485995342	2580.60776316071
"61"	0.121	2.02498227380833e-05	159.916621072961	28.3008035387969	1951.07153151313
"62"	0.147	0.000824094283435897	0.0489506724524177	0.125314601665026	3467.15060449498
"63"	0.147	0.000806408022050775	0.0339693006700153	2.44944844766893	3457.73627609631
"64"	0.147	0.000849200555546665	0.143737031512266	0.293020757089951	3449.05629289126
"65"	0.147	0.000848070920253457	0.234525291726115	0.549332111065989	3438.79522703037
"66"	0.147	0.000842104975534611	0.179797801480599	0.918806895783033	3448.0934617936
"67"	0.147	0.000834954778245256	0.820962652802477	0.0233447709332165	3401.49452902732
"68"	0.147	0.000844172302648714	0.0998091105499215	106.507812682618	3439.81340637488
"69"	0.147	0.000830426506899154	0.0792674592345044	0.0456127400247451	3386.40581231649
"70"	0.147	0.000820915835816939	0.720898768913116	0.0307101088700039	3474.16494814107
"71"	0.147	0.000825238881248232	18.7871651897296	1.50912071663285	3426.03018858637
"72"	0.148	0.000879766698819677	14.4077668876852	3.91949099482022	3315.50949438016
"73"	0.147	0.000832687868829316	5.03405859149156	2.2326562830639	3429.92731314574
"74"	0.147	0.000822835020381829	4.52109878140418	127.250091469546	3391.509946999
"75"	0.147	0.000826562497812191	2.00811265141538	31.2258030054623	3405.66332813224
"76"	0.118	2e-05	683.140109120442	0.00550191071058433	3155.89119129985
"77"	0.147	0.000846020794758244	81.9646660018033	1.62788292221159	3436.79242484216
"78"	0.147	0.000847220707959345	304.866507737928	92.1940112895078	3413.85021280921
"79"	0.147	0.000850754574600358	0.00521966067186003	235.37879955443	3430.96258083736
"80"	0.147	0.000851105801105093	0.022761502541345	2.35712231503069	3433.2050366306
"81"	0.147	0.000821189577772632	0.182884256330544	0.00456807662245402	3469.75338388882
"82"	0.147	0.000816009078233888	16.74071092476	1.39460309620799	3418.82927362698
"83"	0.147	0.000859568957454399	0.44099652625838	0.206627726331614	3430.75365096571
"84"	0.147	0.000812810072899963	57.9123351091244	43.6558807211044	3469.84701371959
"85"	0.147	0.000861264678783941	2.9230685297341	0.120502489174602	3444.39803493349
"86"	0.147	0.00085180574165901	5.90706559385135	0.376885834367855	3449.45045555329
"87"	0.147	0.000819609913499508	3.54413992952208	0.505864733780188	3451.18896433915
"88"	0.148	0.000867021716681388	682.073690330639	57.783889535426	3289.91450906285
"89"	0.147	0.000800373397113554	0.00731158468648586	0.00204529189944866	3432.86106227727
"90"	0.147	0.000828735942507566	0.0665703104525802	0.696124696962489	3405.54277359045
"91"	0.123	3.10853752024885e-05	0.0564544240294116	1.82939101355595	1962.90915519735
"92"	0.125	3.4543560482447e-05	0.0495393943258824	67.9249115868224	2138.22324727183
"93"	0.148	0.000873978886969029	0.143787152680552	0.151174251208743	3352.7938141846
"94"	0.147	0.000828082744799136	0.734086337737057	0.32950706433284	3400.68027191456
"95"	0.147	0.000838625747210725	0.368570654611802	0.00812389302719057	3461.84291481149
"96"	0.147	0.000822407272968961	4.60357222273942	200.403282050459	3401.03640799953
"97"	0.147	0.000842666462870646	33.8578464846197	1.80423983845074	3422.01325392116
"98"	0.243	0.000458691500253191	28.612850321304	0.001	5525.86617112435
"99"	0.131	6.82789934468849e-05	104.897541376818	8.99202198127533	2380.39223365674
"100"	0.134	8.95065959655263e-05	97.9592665858446	9.05840267522119	2484.61848303587
