"V2"	"V3"	"V4"	"V5"	"V6"
"1"	0.223	2.1099970524605e-05	0.0544243575187447	157.130990228484	1464.72344044242
"2"	0.272	0.0019557562777596	8.3259206608478	11.5852141061186	2704.98724919784
"3"	0.232	6.04305422221325e-05	0.204144133764651	6.44167095741422	1797.66436628975
"4"	0.223	2.11035869123975e-05	0.211542510426068	336.217288437523	1537.00438691528
"5"	0.223	2.16492091007644e-05	1.08186976466933	10.934836064088	1527.41922166828
"6"	0.328	0.000521409083381378	69.8557415845388	0.0106784841324885	5474.61124232377
"7"	0.289	0.000344329242179535	33.2086134676834	0.0494475602240123	3372.48793005918
"8"	0.224	3.28788806807647e-05	2.29046481902758	0.00146134580561673	1843.57912135113
"9"	0.223	2.07649724248034e-05	6.10847728148986	12.6063659707792	1507.13724584758
"10"	0.22	2.00313811594302e-05	15.827884339138	0.00483629671292548	1727.02554181533
"11"	0.224	2.23550007191299e-05	0.00644240103544297	0.00132728466687475	1761.73877783631
"12"	0.223	2.0685383912781e-05	0.137374970349104	0.0371065141371801	1658.77928180317
"13"	0.223	2.11442953438416e-05	1.08305235385501	0.121967892207766	1685.91317079787
"14"	0.275	0.000741512915768218	23.3562244023962	0.685739505065048	3553.33284899169
"15"	0.22	2.00006538415107e-05	5.58547874617214	0.00257409123310492	1784.58883942697
"16"	0.276	0.000935399834476805	112.068389874846	0.562093754083004	3504.94173974897
"17"	0.221	2.02517077442504e-05	32.420587606066	0.0245805919158855	1694.29131275553
"18"	0.269	0.00131924911014905	976.115500423361	7.59977401954966	2699.59891912652
"19"	0.269	0.00092503457927294	0.0277240871604136	0.828577323375036	2782.47613866333
"20"	0.276	0.000695811175786433	0.0210117713813278	0.196555924632468	3515.002753757
"21"	0.223	2.2766669608511e-05	0.148537778047373	0.281699806491917	1612.6221246733
"22"	0.276	0.000695810183257619	2.51020126935296	0.0876706352569436	3555.154295601
"23"	0.275	0.000728355597705673	2.54481999183531	0.321737451330428	3649.50616911494
"24"	0.268	0.0010810025522231	982.892834536433	11.6802180817165	2742.31104651059
"25"	0.276	0.000695854390210734	11.5792195826908	0.406196344055013	3553.39753008462
"26"	0.221	2.01253529231314e-05	967.00503963153	0.142028098680139	2125.56165200229
"27"	0.222	2e-05	127.016345056231	0.116864814089994	1409.91077772833
"28"	0.233	4.37256740269517e-05	110.81868362307	1.11075773020573	2195.16189719139
"29"	0.22	2.00746969333239e-05	87.6074728513757	0.0290995711807807	1828.71441369673
"30"	0.221	2.12926897002678e-05	503.294998759359	0.0052136150507491	2576.37492340576
"31"	0.22	2.02246007212116e-05	91.8228775996422	0.0342197172277938	1712.59926907988
"32"	0.22	2.04785434945835e-05	657.661823896006	0.151411639861878	1951.27328550385
"33"	0.223	2e-05	0.0408964868775212	0.0014973971837692	1431.45369180753
"34"	0.223	2.03015717258952e-05	0.0487152158800874	12.4747563327559	1674.26928101786
"35"	0.275	0.000740309966270449	0.339870269313274	0.00714118984314304	3597.69194160613
"36"	0.223	2.12125962189296e-05	0.22204405612074	49.2035119566703	1496.18725394436
"37"	0.223	2.00000012582949e-05	0.21051684416143	0.725759619836889	1721.67578184768
"38"	0.222	2.07905283673172e-05	1.00247652828007	0.00131784278339259	1493.35739586696
"39"	0.224	2.32468893231606e-05	1.01428273005411	0.0202752304181209	1722.0239490275
"40"	0.268	0.0012833750824621	221.692687721644	49.5707176129069	2733.99639684107
"41"	0.223	2.00418530208426e-05	0.0385844486187663	56.8907783533715	1688.52909270957
"42"	0.224	2.09292044600273e-05	0.0476755385256335	0.0119127735232555	1786.84975178563
"43"	0.223	2.26029908214541e-05	0.0380670276710281	0.0173571504452847	1631.56330489166
"44"	0.268	0.00110847139917824	0.428561921011845	0.0096851219669262	2814.99608647268
"45"	0.272	0.00193975657766581	0.508664908767821	0.0674897562251612	2697.09685806006
"46"	0.223	2.05324618686655e-05	0.268423101737737	0.0345161360363504	1481.06147324705
"47"	0.223	2e-05	1.81472007152697	4.3579134190574	1532.20812568544
"48"	0.233	2.08277132413544e-05	0.705792278850561	0.0141304657237426	2205.32166891415
"49"	0.268	0.00117639123813479	1.42151126021175	2.86839450451109	2650.75189341605
"50"	0.223	2.0691321082957e-05	1.10599896833636	109.730659883613	1659.81716646321
"51"	0.223	2e-05	52.7162981249491	0.277613142753878	1660.53002013529
"52"	0.235	5.67023288378554e-05	3.0825810134066	0.0139238484858853	2251.21161745174
"53"	0.275	0.000757462059818214	19.8557152372524	0.67741388467577	3527.64521878316
"54"	0.223	2.06353299228345e-05	17.2829210627707	157.384760870311	1653.19305080952
"55"	0.223	2.06391764621401e-05	21.989012845869	317.788290254035	1689.43871309954
"56"	0.223	2.02327093598826e-05	114.225270937912	14.5775029967145	1652.34868694435
"57"	0.221	2.00143142261237e-05	380.746549654403	0.0292608449620538	2299.64504096871
"58"	0.223	2.13937943167674e-05	468.930183050923	64.855734866799	1610.36108485906
"59"	0.268	0.00108822683386478	0.00819185184184773	2.01033225462789	2706.97718653421
"60"	0.268	0.0010523598276877	0.0327838478914861	0.00225418061355494	2717.03633700281
"61"	0.268	0.00116519479919038	0.0564542290266715	0.0384214126122139	2634.3235790786
"62"	0.268	0.0013524063968765	0.047747378851747	0.0242606503251444	2693.55516771434
"63"	0.275	0.00076707270585982	0.0319000829459478	6.19533134843604	3637.03160038677
"64"	0.268	0.00111724870400793	0.306425954200077	4.75846083245505	2681.18161448995
"65"	0.268	0.00113101402808056	0.194363515897992	320.223218659312	2775.91942106697
"66"	0.268	0.00110177852819104	1.03539535307339	0.123086968172596	2829.23709469452
"67"	0.268	0.00136885905759324	4.82128733049148	155.440614033595	2715.96086083317
"68"	0.268	0.00116464612496912	23.6729485321932	3.68603903218632	2848.08962450023
"69"	0.268	0.00135299661621618	22.7708208461804	0.725740349750751	2733.45790747397
"70"	0.221	2e-05	999.389504579932	0.0154200003251921	2412.26283047844
"71"	0.221	2e-05	121.555275901429	0.001	2355.54577136528
"72"	0.268	0.00101449262862902	475.992005875451	14.0387048481325	2797.52627976946
"73"	0.268	0.00131842846928976	0.0384918849423693	446.35794342917	2747.78181648434
"74"	0.268	0.00122959360936492	0.108111523708362	0.0304842449238921	2828.63460657503
"75"	0.268	0.00101103593205601	0.111711976353587	0.831630317999874	2761.46597728281
"76"	0.275	0.000873624472266672	0.462234098869886	86.8551944813699	3477.02252177949
"77"	0.268	0.00123983962877354	0.0833952739513165	0.00702883386720289	2765.51993825951
"78"	0.258	2e-05	27.0697181768481	0.206821801400221	2760.21710820367
"79"	0.268	0.0012268665323137	18.5399259569157	741.093547169543	2797.89496656222
"80"	0.268	0.00133346418900885	62.8690590769961	658.149236044126	2674.58229369418
"81"	0.275	0.000760674249495201	247.124945035169	13.8612971194894	3656.91320334166
"82"	0.223	2e-05	0.00707930909475231	981.361797083162	1551.14504479514
"83"	0.223	2.00083722286086e-05	0.0314752305710328	6.70355422697338	1674.99610612416
"84"	0.223	2e-05	0.0202979779489781	0.881936764892987	1450.48323343235
"85"	0.223	2e-05	0.104350832894638	88.0079778352777	1701.58162267453
"86"	0.268	0.00126150857214902	0.550595996265289	0.0421253050115659	2715.8814967126
"87"	0.269	0.00094208834667696	0.564528788789995	4.19503117100955	2839.60581542424
"88"	0.268	0.00114729390927152	0.748142059812676	0.0347837902176766	2829.65672961745
"89"	0.268	0.00116804149538275	2.37233517208484	2.8761007272852	2626.78059341395
"90"	0.268	0.00117723550069668	2.29377200377281	11.3317061242756	2766.08639536318
"91"	0.274	0.000843508934236912	3.95518884232911	19.1472957005227	3290.80227843174
"92"	0.268	0.00122295040968711	0.141748953316757	0.00935352129450562	2828.26913374812
"93"	0.268	0.00113044645149748	10.005089516317	0.125282583133908	2729.96515202228
"94"	0.274	0.00101119955347033	489.381075950273	1.63521292795759	2854.94827955756
"95"	0.223	2e-05	636.176187631357	9.21845353980415	1534.18279090945
"96"	0.268	0.00124878116048771	71.7150899714461	1.31869943771247	2780.78703241581
"97"	0.268	0.00109579531075439	41.2920071042499	211.773954980155	2684.95114038775
"98"	0.268	0.00127188585206025	1.08771856151252	0.0550595655625263	2674.11287357303
"99"	0.269	0.00111004724419638	55.9855258913429	0.555353214391569	2603.41617123653
"100"	0.268	0.00128505958044902	307.772160609546	112.396887635627	2769.98193776147
