"X1"	"X2"	"X3"	"X4"
"1"	0.124	0.000402109283296401	0.0010968598316135	4847.36681944974
"2"	0.158	0.000486623529761432	0.0345831248838437	5784.54039627398
"3"	0.127	2.04757023312585e-05	0.00111065342496683	4073.58277514526
"4"	0.127	2.07009470407253e-05	3.02276759341297	5156.73816123679
"5"	0.127	2.07647853842817e-05	85.126939321583	5244.86332531433
"6"	0.127	2.03007557844133e-05	76.8001867390319	5263.50655668913
"7"	0.127	2.10882556190505e-05	402.752955257052	5241.97208748588
"8"	0.127	2.03038990951198e-05	88.4222114696379	5228.07383307224
"9"	0.14	0.000100936079295097	145.046102791078	5813.20216971586
"10"	0.127	2.01499049442774e-05	365.83406916726	5302.5523585822
"11"	0.126	2.03823862640633e-05	0.00792625784726089	4375.40102709686
"12"	0.126	6.13537637383706e-05	0.0465386926017143	4805.62805060819
"13"	0.13	6.61083720310403e-05	0.490757809832639	5412.5482224457
"14"	0.124	2.05815800201309e-05	0.114096612752875	4827.11864466562
"15"	0.127	3.18552891221416e-05	0.00117190040113835	4149.94450538912
"16"	0.133	0.000101879775175202	7.35532903616913	5519.83887983501
"17"	0.127	2.32870784272817e-05	29.6249455102437	5285.4704734644
"18"	0.127	2.00131569597831e-05	785.34632529967	5212.62141548835
"19"	0.127	2.11300122431251e-05	729.934125776511	5246.96472354724
"20"	0.127	6.25598495514992e-05	0.0033093790399019	4373.938011958
"21"	0.127	2.31411455678443e-05	0.00105385586058538	4158.50026821035
"22"	0.126	6.19419352214334e-05	0.0256952821731703	4666.3624830401
"23"	0.127	3.90023706368612e-05	0.00149487020948585	4200.30668403177
"24"	0.138	0.000136548741744893	0.478016410647327	5674.15554171908
"25"	0.133	0.000119103772943072	0.664860393688947	5518.54546682618
"26"	0.127	2.04125816574243e-05	0.0021458363143944	4134.22241868172
"27"	0.124	2.21559593561778e-05	0.0696971952930603	4684.57786144605
"28"	0.127	2.13224411263665e-05	712.922987270549	5258.6655753976
"29"	0.127	7.51632963467817e-05	0.0011724087862035	4362.13719248649
"30"	0.143	0.000312250651861655	0.0369489468605764	5481.05783915254
"31"	0.128	3.73407419784865e-05	15.7782603581112	5317.24659499666
"32"	0.128	3.31971915364717e-05	72.6035030669425	5249.46085224912
"33"	0.13	4.37341606146849e-05	643.806400107952	5482.73386786241
"34"	0.123	0.000549332265779869	0.00103919298316402	4918.21491325447
"35"	0.129	0.000140622180414903	0.00127831442744202	4612.38549131951
"36"	0.127	2.42498605239966e-05	0.00104494225252326	4193.07670593507
"37"	0.124	2.16835182491382e-05	0.0523734463616933	4657.59895334306
"38"	0.125	4.73429119385039e-05	0.196603123288317	5066.67869220752
"39"	0.124	2.35673213164109e-05	0.206532619407424	4957.30735938891
"40"	0.127	3.10896356044449e-05	0.00169226343688607	4149.94546041291
"41"	0.127	2.04707362636842e-05	42.4459142562571	5297.73310944779
"42"	0.139	0.000116331839062631	58.9851225036542	5793.64163931605
"43"	0.127	2.01668157335701e-05	26.1486084399508	5238.71252223004
"44"	0.126	0.000280056014263985	0.00106983690371531	4742.80766723668
"45"	0.127	0.000211723580839079	0.00110759913092601	4707.99038045145
"46"	0.127	0.000240925955993768	0.00131919371075834	4680.2468763318
"47"	0.126	2.81428343058103e-05	0.00445646870019521	4281.27114292806
"48"	0.126	2.29130105000593e-05	0.00343864419065699	4241.22207134625
"49"	0.127	2.39211555171558e-05	0.00108768730270318	4115.97564130483
"50"	0.127	3.71760543540992e-05	0.00109093421413199	4197.75421568942
"51"	0.137	0.000223630705944407	0.0506533686296344	5360.7624842898
"52"	0.124	2.39578513000595e-05	0.054662305544177	4708.57638589462
"53"	0.124	2.01084773524374e-05	0.0522045275653272	4650.69776659744
"54"	0.127	3.94622370656888e-05	0.0013160083456618	4178.14204840608
"55"	0.128	5.83687190777127e-05	0.57656318018363	5314.27141255507
"56"	0.124	2.99760819351732e-05	0.141124182192468	4929.39430362964
"57"	0.127	2.19416270180684e-05	273.890471988294	5282.39763672262
"58"	0.126	2.75257879103917e-05	0.010117701525356	4406.65234541677
"59"	0.123	0.00131493522792142	0.00103458877633807	5271.1581102047
"60"	0.123	0.000487113570450117	0.00113702850766653	4907.45940705283
"61"	0.131	0.00011147079116024	0.246322433339028	5388.04511916464
"62"	0.128	4.72007731328537e-05	0.767285390118546	5343.78844064403
"63"	0.125	2.3289465713531e-05	0.0289452368788719	4519.54925784249
"64"	0.127	2.18867939687746e-05	0.00134760567540802	4103.07365768651
"65"	0.127	2.11996652492253e-05	213.339129509084	5265.42412378314
"66"	0.127	2.01395249515642e-05	619.641509605219	5214.37595311304
"67"	0.127	2.19072275622499e-05	504.185726882908	5250.30579239471
"68"	0.123	0.00093535539776397	0.00113583759780674	5155.39616025393
"69"	0.126	2.68777509923417e-05	0.00479982078399722	4276.33825990303
"70"	0.123	0.000429809295817765	0.001	4909.40222803389
"71"	0.151	0.00135747545410381	0.00867550694200725	5690.98885363464
"72"	0.126	2.45795722637484e-05	0.00341230185722019	4244.1211652513
"73"	0.126	2.95113314896482e-05	0.00566196218859259	4305.86123732839
"74"	0.123	0.000644030984644448	0.001	5039.17192647803
"75"	0.125	2.38640454562066e-05	0.47536502236743	5035.19649357242
"76"	0.127	2.58959088430784e-05	0.00176264751376091	4148.50858053984
"77"	0.138	8.91744742913022e-05	139.618717257431	5759.36883166087
"78"	0.127	2.14582041037289e-05	728.938329121514	5231.98903001641
"79"	0.127	2.26478160532822e-05	119.959381578475	5262.50918313103
"80"	0.127	2.07059794009205e-05	714.364748341075	5238.44423335588
"81"	0.123	0.000899811682187998	0.00113955810772678	5172.01425433648
"82"	0.127	2.59008824451495e-05	0.00113359463978427	4158.50664772039
"83"	0.127	2.1270887142817e-05	50.5608619437159	5238.25366071824
"84"	0.127	2.23674630546556e-05	221.194368251383	5263.53116537464
"85"	0.127	2.01572513373285e-05	150.999247073779	5215.3768900167
"86"	0.127	2.07066912009338e-05	580.886138515437	5242.86813380041
"87"	0.127	2.01786892955763e-05	565.547593416803	5280.25078655366
"88"	0.132	7.12609609996834e-05	522.724867171825	5575.7817406249
"89"	0.123	0.000935551467783058	0.00108010197985959	5216.7505372636
"90"	0.123	0.00148560581669067	0.00111262609756583	5258.64305060846
"91"	0.136	0.00054509592647851	0.00830162995583726	5288.49261956995
"92"	0.123	0.000671088141060904	0.00101330765043484	5087.79507834492
"93"	0.124	3.15773988240862e-05	0.139670279816452	4929.42320961312
"94"	0.124	2.02673868869027e-05	0.23473923923991	4895.20379358994
"95"	0.127	2.19290858131809e-05	0.00228907862727928	4121.00752319542
"96"	0.127	2.02676932377831e-05	33.4404957984204	5303.7837178576
"97"	0.127	2.00740830909703e-05	55.9583659296277	5204.67036131664
"98"	0.127	2.05562906051863e-05	468.44804648995	5283.26767677592
"99"	0.127	2.06518284229311e-05	827.946314576324	5271.2678228582
"100"	0.127	2.00131569597831e-05	934.130453934914	5236.89601841608
