"V2"	"V3"	"V4"	"V5"	"V6"	"V7"	"V8"	"V9"
"1"	0.207	0.00020765174505333	0.0570106963143198	3.56962113085096	30.2201757093479	1.41301283930462	0.000324509399352373	1590.18625896144
"2"	0.189	0.000161369891188922	0.0550107363265049	0.317336033477256	2.72063449259211	111.250424019181	0.000217670453841141	1166.47650892351
"3"	0.194	0.000162404432455185	0.0428879020198266	0.0387429387520684	6.16161568750046	0.0619861299172208	0.000266457645023572	1003.40396644741
"4"	0.163	0.000308521928863549	0.00693147180559945	6.38218631321773	0.001	1.07302599721034	0.000357362480361508	1355.11334018281
"5"	0.193	0.000162484341376178	0.0431641195088743	19.3497587556325	0.311383270186532	0.119636332122429	8.32099725664586e-05	1306.59492974195
"6"	0.189	0.000161128543498837	0.0555595203769563	4.52246674908319	74.1110019275575	331.143992031871	0.000212807664070259	1197.85140637391
"7"	0.19	0.000182203891070528	0.298343618733292	0.319148303065319	755.401687960187	12.1864867240666	0.000235571853456576	1194.92300822369
"8"	0.178	0.000181799651619601	0.237628613369561	8.02153277026893	0.0115280668864682	1.04868210169122	9.95853997601342e-05	1745.85767480736
"9"	0.198	0.000173176923210896	0.282313498531169	2.3432709317529	1.29584451714509	152.123169681078	0.00030230073218653	1479.28378502989
"10"	0.191	7.97280207799023e-05	0.0203222466449657	4.65136807468128	0.283639373607712	11.7637061907133	0.000216419665775985	1689.50316780173
"11"	0.189	0.000169002849484604	0.263775759485999	4.78383802767853	4.77143690914504	74.132135968926	0.000206458742072499	1219.16483819375
"12"	0.192	0.000193151077121356	0.255677164334952	66.1688808271057	0.272808442473058	1.1908630797575	0.000220144850438057	1719.01257310897
"13"	0.189	0.00016354476869854	1.44054425045313	0.317260098991509	43.3648943483921	0.106576910381596	0.000218747017257335	1166.60886137926
"14"	0.207	0.000207198488913138	1.36158050976614	5.00134494376835	859.291749076213	67.1916425675561	0.000359536440914766	1590.18625896144
"15"	0.189	0.000160061532457305	1.38766801961288	1.52539158432369	12.7018918610209	14.4317514840382	0.000216317707201825	1218.2121871796
"16"	0.189	0.000163284976037505	1.23756289471982	1.17449097215033	9.958605299035	157.951922157211	0.000212311602881619	1217.7261924385
"17"	0.19	0.000160749915360653	1.3880511850827	0.444386654869493	76.051244207783	118.03989982023	0.000223869976070644	1217.86251174381
"18"	0.201	0.00016393770879361	1.07517476749777	5.70431201139415	74.3797445267736	16.561010605068	0.000327275832381464	1504.16679969306
"19"	0.189	0.000160867859735778	1.38420154227981	4.40991913574135	69.673454651892	145.869443588806	0.000211610584367025	1218.03177740046
"20"	0.192	0.000180496996034495	0.335605660415511	67.7377623061055	0.255588424378402	129.020698762178	0.00021925217695802	1663.39535321965
"21"	0.19	0.000164326642518351	7.92302446755489	0.250509062470581	2.14163627358675	0.107601083318136	0.000219666794481309	1176.15064242419
"22"	0.188	0.000161646764533452	7.79069828235881	4.78169775638732	0.304031948380137	6.91627631893571	0.000197389896015319	1195.71762670779
"23"	0.192	8.3512024837873e-05	0.44575135833009	164.569778357723	0.297050644093096	12.4766565570684	9.01807117141875e-05	1323.02505017979
"24"	0.189	0.000890145392911568	0.0847279832795243	0.301946517933554	0.020200377050554	0.107585001142228	0.000211855487323886	1217.51300986584
"25"	0.172	0.000537982654756926	0.0531156389781745	8.21895232353663	0.00768297174470992	0.078654130414039	9.31315107175093e-05	1661.35142889825
"26"	0.187	0.000388711307684156	0.040593360545181	88.3319220891801	0.31161606845652	0.0671241318216839	0.000112640565393363	1752.44705533238
"27"	0.206	0.000447137462367435	0.265261426488371	0.0153647725881475	0.0190311384139104	1.09932494851702	0.000362614463184662	1093.24223672822
"28"	0.206	0.000444801836549377	0.265489157334799	0.0153482240605784	0.0189437725757032	11.2222922428082	0.000362905585350878	1091.38379512464
"29"	0.19	0.000498757688702582	0.281994117491242	0.184413267343581	436.920799849592	0.141389634141741	0.000229295815016587	1175.4599394627
"30"	0.189	0.000742186918532943	0.00718990669947953	0.350364770382227	0.0189358141948627	1.11704865826162	0.000122676144337922	1172.94807126274
"31"	0.193	0.000253246837488507	0.00750392307158198	78.1309223498803	5.26555048639657	11.585755289105	7.60269424278962e-05	1274.51981652965
"32"	0.188	0.000408408626358564	1.31513539989321	0.984915750926477	8.33384759422157	120.053205532702	0.000199057217919017	1178.41482151854
"33"	0.193	0.000447150692310189	1.49134970150205	0.0269873739857474	5.13216625591178	138.09282228145	0.000241102417905351	980.938267720561
"34"	0.189	0.0004132361394396	1.434520272996	1.52553505263356	203.722003398521	1.45806054567202	0.000216314913775532	1199.30258758772
"35"	0.188	0.000411863083901636	1.37628395815516	4.77005692134714	0.302678464562067	1.07169498876803	0.000193032274762721	1172.95549146851
"36"	0.193	0.000260537883526676	0.00693147180559945	3.93269867231564	0.442685995225997	11.6239888130661	8.37791919571352e-05	1232.95523582409
"37"	0.126	0.00594082628760125	30.1581014441943	0.001	0.04445577460818	1.7987238569485	0.000767024310666598	1008.98335494746
"38"	0.189	0.000423529678608706	7.90832470911252	0.316942168479227	43.3314736622418	1.09089715409877	0.000213705122884268	1168.15042062163
"39"	0.207	0.000459387150339734	7.88540689732695	0.0145387920301454	73.2925365675964	11.3127863258131	0.000393578224409469	1121.78052149997
"40"	0.207	0.000417840735904758	8.14226249854146	0.0174561353413468	0.465289040735441	1.13230799636131	0.000370530525080762	1159.0314262517
"41"	0.195	0.000442571812080385	8.24294048300052	0.0381916520045053	0.476885984450062	145.799576554581	0.000275461504116666	1009.84994374181
"42"	0.194	0.000423075120874714	8.00954678483014	0.032094310199492	140.592706379843	0.0865201404391643	0.000258371331040799	1041.28831084417
"43"	0.192	0.000142463542705075	0.44575135833009	165.627343607609	0.292915563988149	1.27845175168964	8.91534788202401e-05	1322.98292034426
"44"	0.167	0.000337190810734276	0.00693147180559945	34.3085088596863	0.0191049403542256	10.8672053918616	4.79080158803543e-05	1573.43791531281
"45"	0.201	0.000430163338222381	9.3395334096582	105.608521481489	83.6029357600614	1.07131151270625	0.000309462608401922	1458.43924677465
"46"	0.186	9.44049024592571e-05	0.00746907599526555	0.271576414092273	0.0116755298093302	114.818716535714	7.53732227511787e-05	1406.87394632828
"47"	0.189	0.00104246345931284	0.0424406242883206	3.04576018537587	0.0634988088843441	0.105752326352751	0.000133674321642091	1268.6016361193
"48"	0.189	0.0010374716618151	0.0606102488725162	2.32110860978205	20.3877634690731	0.135212849229249	0.000215848629200495	1219.37127977301
"49"	0.189	0.00104787043656483	0.0426194753775505	4.78894357152197	4.77644554574253	0.0726243350901173	0.000206859940447318	1217.46182462455
"50"	0.188	0.00106488882288291	0.0432342849813489	30.7993555345137	74.9998710376864	0.107863791917709	0.000183638821374632	1155.266814805
"51"	0.208	0.00114262270781926	0.264693764344345	0.0176538663577494	70.5005265059836	11.4413673769	0.000395835314133492	1181.1387641181
"52"	0.186	6.1788034746309e-05	0.00693147180559945	0.250937557993209	0.00950783993529972	12.4483631760131	7.13262133221939e-05	1338.18622897688
"53"	0.188	0.00113560424285744	0.265057901553848	1.49695283851875	0.794967909679807	1.08151509488128	0.00020093968140399	1173.05847059534
"54"	0.191	0.00114194752804706	0.00982237163247546	7.0888361103386	0.0557614084864049	15.5081256904435	0.000106796429165719	1253.47832403697
"55"	0.189	0.000818084987864936	0.0311781520372243	56.4320416833643	0.0128498387980532	1.09599927605691	6.69820629797348e-05	1240.86492883962
"56"	0.126	0.00594333360305989	6.30302125104286	0.001	0.724437235226184	201.941794698807	0.0007701635	1024.57330415117
"57"	0.189	0.00104663868667677	1.38023400106081	2.14334979754293	1.07591716723818	1.26478420843541	0.000214933202990654	1194.92300822369
"58"	0.186	6.49385943526596e-05	0.00768136990155763	4.2412367749043	0.240721014610864	124.780516215601	8.30155355448896e-05	1688.24908589741
"59"	0.192	0.000659191424773783	1.76988286492827	64.4242616748577	0.0158367480430389	0.125894541225282	9.7218144559397e-05	1316.80657041085
"60"	0.189	0.00181919944952936	1.63266472896632	74.3460941611451	0.0177833995181307	1.07010863494105	0.00014620945550605	1259.14119752515
"61"	0.189	0.00199657720265755	0.00896823468261777	72.2024257321573	0.277646324367877	1.01536688256023	0.000145860727185293	1224.62930703814
"62"	0.126	0.00585674435761948	7.7645661108063	0.001	0.526410747275446	199.433679709042	0.0007701635	1028.18730596841
"63"	0.201	0.00114614713149302	1.14209842536059	109.696877191444	72.7399950663523	13.1609886421536	0.00030788121966488	1456.94235845977
"64"	0.188	0.00103486206383904	7.884656315926	2.85584637124328	24.1380140436031	0.269469635451072	0.000200930586465361	1173.65482276335
"65"	0.189	0.00105869367961666	7.87907103178702	0.305291700754153	0.304789160029238	118.590755695679	0.000208923460065608	1131.57262003724
"66"	0.188	0.00598212198422329	39.499793084725	19.5589486954214	0.0223738863147574	67.0223439815746	0.000186994986697948	1178.41481640821
"67"	0.191	0.000683960730988171	0.00852494746422795	26.1935727344222	0.0434310301461924	109.678352883959	6.36657953613519e-05	1236.78337987998
"68"	0.126	0.00110386209230382	8.3537591147281	0.001	8.44384507849129	201.333610200387	0.0007701635	1024.04288443079
"69"	0.193	0.000560934674417855	7.6862794859842	893.552264213236	660.810918958259	300.533270638237	0.000141562592257231	1190.85120233542
"70"	0.196	0.00291993521066177	0.0477567307415032	2.43136237832843	1.29978183771972	0.112345497469049	0.000279897924711452	1449.15614102733
"71"	0.19	8.95724888865802e-05	0.0281316822941846	0.247487822980263	0.0156126021895337	0.107201319046452	0.000133413312207973	1217.81069063409
"72"	0.193	0.00281904425299608	0.268487582760498	0.0544620676857042	0.515941400129678	0.868604494448247	0.00026718213436423	1055.99746607374
"73"	0.188	0.00280125147197901	0.263308446378311	1.17181028353547	9.95328595132093	2.82309406500512	0.000201119309004753	1172.45342283066
"74"	0.19	0.00589165565876287	0.0197676925724964	2.11923753398309	0.0150491400329685	3.49863314757452	0.000206098212723368	1060.26294311305
"75"	0.188	0.00278699585451975	0.263773163311204	6.7037590414648	4.40416386757488	2.64502593546109	0.000183963428708533	1125.67657937631
"76"	0.126	0.00288147844076388	0.273976545755054	0.001	9.02199161462672	1.71695499968336	0.000766892384001757	1015.19441992321
"77"	0.189	0.00263885510364421	1.41466542041805	0.250381137244422	2.14407892763618	1.07709430365784	0.000221738798185049	1145.78247198932
"78"	0.189	0.00212840837654421	0.525325409498618	0.420115088881521	0.0177839858947013	11.5640568526598	0.000213770379228844	1166.98650108564
"79"	0.19	0.00260749688527836	1.39142296103103	0.421604757863046	0.278087955853769	0.109564601248309	0.000223856562806979	1217.84734061717
"80"	0.189	0.00261561612316006	1.39205620086975	1.49783116721144	0.795259682435747	1.42462530783359	0.000218197816868854	1217.2904655188
"81"	0.19	0.00259613158967245	1.38712532019626	0.420535080983763	0.277019975528641	1.13741262391142	0.000226999465301297	1230.08113474982
"82"	0.189	0.00257386095434422	1.42229785728849	2.3275100650277	20.693318120908	329.361619590531	0.000209703058945083	1230.08113928931
"83"	0.189	0.00263130277374753	1.39751875186164	0.337601555643519	118.480522557819	117.057159111632	0.000209565182512811	1143.91115676582
"84"	0.189	0.002341927694604	1.24569628758146	70.8561450653186	0.0174009890930746	1.10690035301463	0.000142562445383784	1240.86406002955
"85"	0.19	0.00136398126917158	0.00924625075394724	94.9263957031855	4.81775528785691	1.08328477199386	0.000132358865016119	1194.2186327408
"86"	0.189	0.00262958873672224	1.39752035907353	25.2703850051941	74.6656449752772	70.6254909321517	0.000200876059774157	1232.21108047596
"87"	0.196	0.00269305122481452	8.46830655190808	1.34416209916147	0.67451267892633	137.041035190924	0.00028879772828882	1417.39700415523
"88"	0.195	0.00282986097039319	8.75622613775264	1.34230687566557	11.3723763677315	1.17360522700413	0.000276850573225969	1374.03940903617
"89"	0.201	0.00298383900001406	9.20959612636509	1.34288424859881	183.071113644923	11.8429243191592	0.000308833469137043	1510.0707183916
"90"	0.189	0.00257386095434422	7.6862794859842	2.85570716250648	387.858737886919	319.716594454626	0.000212807664070259	1194.92300822369
"91"	0.189	0.00412613005623289	9.65926184512591	1.25795751127717	983.485937189882	16.2287846200561	0.000211857725441818	1230.08113928931
"92"	0.188	0.00261333127930425	7.82626944979345	1.56996471231774	0.821613464374904	0.268778177206712	0.000201449034358708	1173.05142532387
"93"	0.189	0.00262892809844201	7.78838642871434	1.14906305189255	9.89209066457527	0.143553544259472	0.000217555230403867	1195.59556466659
"94"	0.189	0.0026076485656593	7.91514459524449	0.633852762487776	6.96780650022399	1.12228182022322	0.000214278446476969	1178.37259397797
"95"	0.188	0.00262103350745194	7.9960386277634	0.403262841670646	64.4413595187794	1.15956643036653	0.000201162450547603	1137.48599802027
"96"	0.189	0.00217871034246479	0.319242986473251	7.01378955597122	0.00453486455555394	121.143585590782	0.000149802711814664	1236.89504501627
"97"	0.189	0.00259316197860144	7.75473470366954	4.39300873897054	69.4828793278578	145.691264148412	0.000212480942679753	1223.89320279238
"98"	0.192	0.000812282255674719	0.00693147180559945	24.9153342687922	0.0526420792906207	114.543791174699	7.39749966824205e-05	1224.73781087475
"99"	0.188	0.00260470286971882	7.82865756430735	20.9189700970344	5.68996104901331	0.103804522425532	0.000186837535361273	1172.21171223959
"100"	0.197	0.0028518304961375	8.63211340702163	2.71845232620438	77.5641845928438	124.626857247779	0.00028449411604303	1470.27234931484
