"V2"	"V3"	"V4"	"V5"	"V6"	"V7"	"V8"
"1"	0.374	0.00267351748623076	0.169180960284572	175.789218008753	0.0118678220170933	4.1567796650887e-05	2495.20072710829
"2"	0.373	0.000149652579448457	0.138569502217304	0.0462624136938405	0.2452393282008	2.09565978653611e-05	1587.41270121322
"3"	0.374	0.0059290420850714	12.5219837308864	0.0169971496052353	0.313212610138735	2.08652721701556e-05	1393.31301497634
"4"	0.375	0.000142911676703927	0.134100529501599	170.622187148039	120.032536106722	6.36034212253642e-05	2302.21038988553
"5"	0.375	0.000143664244140816	0.55755552683508	0.114866477194362	0.0111040047186948	6.35328495357852e-05	2190.52202805775
"6"	0.363	0.000384148653642964	0.00693147180559945	31.9949243512978	0.433124113297506	2.05306189424943e-05	3594.93429086737
"7"	0.373	0.000203292808520878	1.35612204280711	2.97125042491814	0.25233384132075	2.73284672005986e-05	1989.28503304284
"8"	0.373	0.000143187308765751	0.546949049234583	4.4040415145816	1.1098911666409	2.15741566121556e-05	2049.6971390617
"9"	0.373	0.000152277800586736	0.712569247864248	6.04160780538968	287.303514443173	2.10943088607298e-05	1938.172807192
"10"	0.419	0.000152890232266388	0.10345518080081	54.5629192664197	0.0952338866675455	2.14939523070432e-05	4829.42470871087
"11"	0.375	0.00553912307025227	28.658956859527	73.8574338689072	0.0204664835985671	5.39539602487565e-05	2540.30843809429
"12"	0.376	0.000110619448451917	2.41742345964587	0.0365645977126462	28.4762944605539	6.70760123998936e-05	2068.45559883881
"13"	0.373	0.000172283303232087	4.69937202303923	0.0795267091383487	2.84196632137468	2.09172873855094e-05	1508.15086512924
"14"	0.373	0.000152191656710723	12.6719622886326	0.0743670632296732	0.0244208723747935	2.08388184385954e-05	1538.65083094076
"15"	0.373	0.000135581609372537	24.4825328156409	2.18398394878004	10.058587890625	2e-05	2065.8504297178
"16"	0.373	0.000161903047968204	9.05529302406693	1.83843644357723	0.214671190776813	2e-05	1901.73361643723
"17"	0.378	0.000377164538813996	28.9054481382931	18.852377444617	0.0272428742789071	7.72136134737436e-05	2883.16223414253
"18"	0.486	0.000137188804146551	8.33420886905854	28.3889106470654	120.987564397501	0.000376746912053149	5249.39688982509
"19"	0.373	0.000247806105440671	29.1452136032643	149.637491562359	0.316932581080393	2.61466151834011e-05	2002.5086170529
"20"	0.373	0.000160977691930089	19.9095236793547	105.287481712039	1.61779158327596	2.00614721243129e-05	1802.35666470252
"21"	0.381	0.000112179329683195	9.79221409357694	227.112552310724	14.1721805469319	0.000127190494131532	3067.05277502555
"22"	0.374	0.000333894700125323	0.0333920448045544	0.0283284074048296	0.227820223428926	2e-05	1181.01854410972
"23"	0.379	0.00513242476351678	0.109299517159561	5.1610751598298	0.00180667597765543	0.000108825391811746	2392.50604426273
"24"	0.374	0.000306230399010833	0.0312134102235347	4.78219803208531	137.877635860708	4.10013210138222e-05	2037.37509211345
"25"	0.373	0.000380878220799488	0.00909126553140893	11.0899181480384	23.0744238721483	2.02240731884922e-05	1757.3739468092
"26"	0.375	0.000323340409853087	0.136304029735293	0.113640045949557	11.3655237444794	6.31857995893072e-05	2168.6870748125
"27"	0.374	7.48882532433221e-05	0.0208974139682355	0.0207963880253146	23.8591316051186	2e-05	1414.3957082967
"28"	0.373	0.000318630227769709	0.132748917220716	1.46511381045864	859.37770582962	2.00000890387975e-05	1807.93851060749
"29"	0.373	0.00582614077937845	2.62400712991792	2.94633689673826	0.0240888982493386	2.7824630750302e-05	1986.7028732223
"30"	0.373	0.000656589717894967	1.14997329381398	0.0971787941854205	0.281042928926048	2e-05	1509.40511235203
"31"	0.373	0.00584030859842854	10.9865713618457	345.277510313691	0.017777388421346	2.05119133732232e-05	2081.06866416031
"32"	0.376	0.00595258952959778	12.6151318124728	0.0169971496052353	0.0193716435095992	6.27769774592073e-05	1868.45793342123
"33"	0.373	0.000362167942975467	3.13493541640275	0.0742070970843313	0.0243959620183171	2.03184011867319e-05	1537.26828965827
"34"	0.374	0.000306165205546545	2.10111015486052	0.716816397410389	12.8332072041149	4.10130533025932e-05	2040.24137250701
"35"	0.374	0.000302192877572508	2.05685521233366	25.9417450520793	1.11918101602769	3.6674797813825e-05	1984.62815330259
"36"	0.374	0.000375730925973255	4.72228165182799	0.0169971496052353	2.10482177558161	2e-05	1519.64738016633
"37"	0.373	0.000301457646557782	8.52039100079681	4.29827338146776	0.112085205202772	2.15572853474128e-05	2049.52287417415
"38"	0.373	0.00038140655669264	11.4424863806575	6.23748621977247	273.256304772368	2.60871022665445e-05	1939.76101058278
"39"	0.373	0.00030276573150389	8.26842910159749	14.0998088336277	0.0152504384757677	3.56173481881521e-05	2242.57766326955
"40"	0.376	0.00418278290997577	29.8517484708303	0.0169971496052353	0.019483108178138	6.2568291217773e-05	1853.28647070394
"41"	0.373	0.000305014198314601	8.34756316183612	177.011607525213	1.21883967334435	2.29986733033448e-05	2049.15727119248
"42"	0.376	0.000654783527124141	0.0301751853121073	0.0619774952380652	0.115119191382692	6.40174508216013e-05	1846.98325573849
"43"	0.374	6e-05	0.00985751488659138	0.0170182564853468	233.312717157964	2e-05	1062.87116196014
"44"	0.375	0.000654842618514924	0.0302071625301368	0.700458765833412	11.1550967635859	6.35979986415904e-05	2305.93420083983
"45"	0.374	0.00100181348944504	0.027741125159131	0.0169971496052353	308.037663683068	2.28661088341221e-05	1204.97765271539
"46"	0.375	0.000710296402742472	0.134062300537143	0.140992141202343	0.106794148934718	6.35947410407858e-05	2201.98421662057
"47"	0.373	0.000736371120588552	0.156962305248488	0.0473930530701543	0.245021987631619	2e-05	1616.43520021286
"48"	0.373	0.000785528440173409	0.163129391410149	22.9605567798943	23.2470045027351	2.8060561748944e-05	1987.58420132637
"49"	0.375	0.00541799158810457	0.0352139443072969	38.8296825786935	0.00325	2e-05	1179.76972954773
"50"	0.425	6e-05	1.12854435979299	23.3254710033255	0.0100004634857178	6.65061534825287e-05	5079.19449993806
"51"	0.379	0.0059122352915459	4.97710376259807	0.0169971496052353	0.210042040513128	0.000101340425083993	2042.16945167823
"52"	0.374	0.000485808783350237	0.933903028904426	828.807560562225	209.822477842809	4.49391614258266e-05	2326.45245925413
"53"	0.374	0.000655666463826586	2.09365562343706	0.0211773069957392	2.1391905573006	2.07252917487499e-05	1523.51610878029
"54"	0.373	0.000898514573857398	4.80437773296291	1.00532491996069	0.160708641935155	2.74043146820043e-05	1968.77315447189
"55"	0.362	0.000160825232390739	0.00693147180559945	33.0205551144524	1.1123875	2e-05	3668.06152056551
"56"	0.373	0.000904304971569618	12.673327591534	0.0697103204533199	0.0306860902897627	2.05839426212208e-05	1538.74681037301
"57"	0.373	0.00110247634343946	21.8583309378568	7.20651454796804	0.188038112162623	2.17566319095021e-05	1914.18317474941
"58"	0.366	0.000112287831443079	0.0836441470637656	46.2284123048478	0.309977031130775	3.33377739151125e-05	3624.18409739991
"59"	0.373	0.00205073305066126	0.0641406892897773	27.4475555041261	29.9053625680206	3.37264803629475e-05	2171.57215964751
"60"	0.379	0.00586305294634893	0.0354108443572644	171.509926455283	0.0096512386840486	0.000109015214725249	2393.94322920309
"61"	0.373	0.00136024760745655	0.135076137602198	1.94831848175571	0.00783744430541996	2.02820489281198e-05	2462.97809130389
"62"	0.376	0.0031514642855964	0.275568577283757	0.0465377851592178	0.0194738908559165	6.40376792702677e-05	1849.42614665167
"63"	0.375	0.00153393340621414	0.134046828230498	0.700324336197	11.2236437427434	6.35111683914531e-05	2207.82356323616
"64"	0.374	0.00199231981798399	0.114580319437443	4.24554480987001	0.010972636905715	3.55973942361598e-05	2207.86839598294
"65"	0.378	0.00457901906974142	0.00904484247918403	9.74568141553673	0.00297698215630431	5.88388735445614e-05	2020.65871925894
"66"	0.373	0.00158971314715515	0.136614671512442	195.536864023237	122.515330062535	2.75097736635947e-05	2037.36339084927
"67"	0.377	0.0058419095947446	2.0533099435538	0.278283182689368	0.021431617942029	8.11649563911471e-05	2505.19841380668
"68"	0.374	0.00154840684857063	0.562280547156371	0.895293667455392	10.5846622901876	4.38625672918118e-05	2022.30310970146
"69"	0.375	0.00582997793470542	0.0567424248889006	0.0169971496052353	0.00199930068769689	2e-05	1198.66156429525
"70"	0.379	0.00143133845702868	2.04627828084743	0.100930794590207	101.536977649431	0.000111872469459862	2421.66031770604
"71"	0.374	0.000579646374535408	0.43957373530692	0.753847103788553	0.120070560054992	3.83945616252379e-05	2153.67865429733
"72"	0.373	0.00146969688690768	2.19182563745192	0.078136462978539	21.7441101107284	2e-05	1488.86208258885
"73"	0.374	0.00223014811274894	3.12845685521077	3.57734961797434	0.0118861049680126	3.99877864008198e-05	2249.29802913116
"74"	0.379	0.00319833978996252	21.5017528602997	58.6667317786825	81.7622728045185	0.000105184460069334	2743.41387723256
"75"	0.374	0.00412296903214655	4.46308392194927	4.81215162687841	0.0169921039419588	3.9930456409426e-05	2339.54586706764
"76"	0.379	0.00498077899743504	6.88902461260909	0.0169971496052353	0.204795950517775	9.9600768021332e-05	2041.68907940441
"77"	0.373	0.00175028094317034	12.6301609706513	0.069773200282848	0.030692637205469	2.02919739050013e-05	1535.68849249131
"78"	0.373	0.0025204590182311	15.9308916587533	0.938140457768164	7.44907439827115	2e-05	1801.03960358345
"79"	0.379	0.00298216941870778	0.0303920389710806	0.09467455818536	0.181924006066371	0.000111821676307994	2430.19409955689
"80"	0.374	0.00302548638141165	0.03073842008299	0.710195138790678	12.8329025213329	4.09972116883328e-05	2037.79308070846
"81"	0.374	0.00533363055652887	0.0475882574990221	0.0169971496052353	22.2409272226036	2.30970892727986e-05	1337.30550124183
"82"	0.373	0.000605907327344981	0.0317926471787478	0.0382722996994209	271.500059752217	2e-05	1460.76259703171
"83"	0.378	0.00458453121860819	0.0090573424928989	0.272000583406812	0.00299927747510365	7.23388469479396e-05	2017.75090375006
"84"	0.373	0.00332311401607976	0.166141252655356	0.0417122875486423	2.5200604936876	2.00124693377394e-05	1460.30662330934
"85"	0.373	0.00503583370444623	0.308423193256615	2.93073208494617	0.310554449069929	2.82477819421697e-05	1984.72135322532
"86"	0.373	0.00359768233614345	0.900013298012088	0.0864424777625819	2.73414887390604	2.08442813497728e-05	1541.47968490313
"87"	0.374	0.000219031945150756	0.00772349239228707	0.0208763870019259	2.40013221899884	2.1533287001348e-05	1129.40949105135
"88"	0.373	0.0039830140831879	0.73318151403346	3.24754984233285	2.46116862926266	2.94340004303628e-05	2026.87942718916
"89"	0.373	0.00361497180836887	0.913246668198786	65.8471789801924	1.92558731028178	2.10278102981889e-05	1919.34400200413
"90"	0.376	0.00354678103211128	0.464763541296612	170.059530639674	0.0117899365303587	6.36796032500002e-05	2346.51665003632
"91"	0.39	0.00587894793863625	0.00741447470035324	1.50210222043164	0.00158062743956168	0.000191682652907006	2346.52315155907
"92"	0.374	0.00316598325001302	0.552127938569446	170.96858770414	12.152738811689	3.84188710413619e-05	2148.18329949068
"93"	0.373	0.00575088859556138	4.63707302533347	0.0973311612175236	0.0262804808242874	2.06474541001221e-05	1528.30532893912
"94"	0.373	0.00595102795301802	4.76189247625166	142.002991731429	0.00999989700317383	2e-05	2255.27797570159
"95"	0.373	0.00341567738348622	13.6748528845312	0.0512004356539696	0.0264011323115189	2.00558250750554e-05	1507.45114571177
"96"	0.373	0.00344523219816847	21.1344046544986	5.79790613140173	0.151483311584184	2.68119522873418e-05	1914.13808795822
"97"	0.373	0.00252751163093926	0.933414073011439	622.388557605794	0.0629466629111677	2.08288010023905e-05	2540.62614049918
"98"	0.373	0.0057361723507439	25.0424878556879	113.67511332887	0.028897172192587	2e-05	1920.37550280965
"99"	0.363	0.000450261459499455	0.00693147180559945	591.388413431328	0.137509753950399	2.66597711121922e-05	3562.43083327342
"100"	0.373	0.00341974519612116	12.4405068193959	329.242818677903	177.126641607232	3.09634326185332e-05	2032.98071435702
