"V2"	"V3"	"V4"	"V5"	"V6"	"V7"	"V8"
"1"	0.214	0.000148711744303222	0.0248950148794082	8.71395379555731	0.154079951181704	2.10296379087302e-05	2872.81278853747
"2"	0.225	0.000103540915470504	0.20519758984335	2.4915170925122	142.065823836208	0.000113910394595645	2411.37238937187
"3"	0.214	0.00035698789692482	0.00876800205942055	1.61701286854924	0.0751426007994163	2.79474373535429e-05	2595.17823447589
"4"	0.214	0.000212848624483785	0.664553243810065	23.6555805883019	0.0107404950965351	2e-05	3185.84261238945
"5"	0.216	0.000245385312612682	0.319379308430987	79.1635179150354	0.162052642146163	4.32354533427721e-05	2853.1744094847
"6"	0.221	0.00023649741561291	1.71695963603419	9.26985175170852	4.75650879865279	4.32803464895872e-05	1969.096073757
"7"	0.221	0.00023377762981178	1.22952146267078	7.55116116044544	20.6522931996796	4.70624799167956e-05	1966.27235985835
"8"	0.221	0.000191131898705564	1.26884643010328	7.96410521589397	477.499921354462	4.92144720360211e-05	1992.1062773306
"9"	0.216	7.17512206130489e-05	0.108382948579872	200.592852375452	1.47117345989968	4.72593742332367e-05	2980.60861956066
"10"	0.338	6.32181157631168e-05	0.00693147180559945	147.328255320235	0.872986243352338	0.000307090153774729	6357.22114466165
"11"	0.214	7.28038836128391e-05	0.00693147180559945	5.50608674192973	0.400491063673871	2.44399811764212e-05	2812.52815391941
"12"	0.214	0.000111670569558835	1.35301226157959	82.235940701994	0.0267872859944745	2e-05	3139.01852769087
"13"	0.221	0.000108136193570532	3.87493003910605	11.2206854418717	147.145482942512	7.34056732543717e-05	2162.42483522598
"14"	0.214	6.30391087792368e-05	11.5198421060992	152.413539918448	0.0085130845569793	2.00001908921945e-05	3106.14925270279
"15"	0.219	0.000593370344331119	19.2934645376962	112.367186792472	0.0100583746598146	6.15330930302572e-05	2696.09908882093
"16"	0.221	0.000171593452546866	3.92271175092606	52.7269883576797	1.53881603283646	5.36727797862035e-05	2033.47893799353
"17"	0.221	0.000192901871945771	24.7997322832636	5.0365820927218	28.9630876257662	4.7056495087424e-05	1966.03498368697
"18"	0.222	0.000187467928971197	19.7014130853681	4.19409064063314	978.324131480627	8.64786456275417e-05	2287.82675897911
"19"	0.221	0.000154340749413021	18.2922080086269	4.52696343152571	25.0753004142325	4.4266094453437e-05	1949.1413186055
"20"	0.222	0.000204620003823408	25.0426095889956	8.81619173172973	523.972377375899	2e-05	1779.78447678335
"21"	0.221	0.000335795742766375	0.03904359752886	5.03295867762507	285.627346959717	5.76749672173108e-05	1909.51717615436
"22"	0.221	0.000606971112186814	0.113700388772079	5.88358279075538	916.708648195261	3.10582359333409e-05	1781.7463507172
"23"	0.221	0.000589318651116167	0.105929710557044	9.86005485580317	106.820625786798	3.17324153117842e-05	1777.59170235631
"24"	0.219	0.000314562396570338	0.0333615208978052	43.1016630991565	0.961295413892583	7.30310599842798e-05	2991.12712669666
"25"	0.219	6.10419473619572e-05	0.00834216978095358	70.1494590915219	9.48370637325361	7.10981224146013e-05	2908.37355236505
"26"	0.224	0.000348539058621659	0.153494606651314	2.46186929007279	1.27021607989498	0.000101386008821461	2469.85358459426
"27"	0.222	0.000489151788964328	0.38031702236658	6.71884843449245	38.4445380347862	2e-05	1779.12574866128
"28"	0.221	0.000367923423355234	0.197295023775785	3.97315495838679	963.611454111971	5.56964634160109e-05	2111.66825169627
"29"	0.214	0.000196780688454009	0.00856829908265102	1.89880945255495	0.096958315486739	2.41191372095873e-05	2813.92642903702
"30"	0.221	0.000368135902842136	0.0196559804268998	1.93825004175905	22.9186007515345	6.48413523324142e-05	1988.99936048971
"31"	0.215	0.000336344116342843	0.00789888204940003	401.7244232996	19.0507464792363	2.26890060196861e-05	2755.41863724458
"32"	0.221	0.000355434156685385	0.869464149239581	4.53746413336911	245.463725909724	6.73752540890168e-05	2083.54494860806
"33"	0.22	0.000129208284731339	0.282276220126995	1.47212772939025	0.00849475759000189	8.69870671445543e-05	2723.03349641532
"34"	0.215	0.000273748548388127	0.268968062811329	162.410142944844	0.136660436239346	2e-05	3245.27798716189
"35"	0.221	0.000321439692588657	3.92659491913488	9.10427544949054	0.111089641924903	4.41880853868339e-05	1917.93685993688
"36"	0.221	0.000448447932112461	5.50260454844036	57.3380092572909	167.959655970689	3.91356254256601e-05	1833.80212232254
"37"	0.221	0.000387300611318141	23.9412507818388	5.03363629592968	286.761316165709	4.21514651572214e-05	1997.16143137534
"38"	0.214	8.21373372759879e-05	0.00693147180559945	3.16124448841417	0.277979013972842	2.30013554858524e-05	2738.35194390811
"39"	0.223	0.000747785705526652	0.0414089241664699	0.267934495662233	960.596966143383	3.84770374182498e-05	1685.68671824925
"40"	0.214	0.000111252857697582	0.051570243374059	17.5754620797454	0.172566507341283	2.5054228206176e-05	3045.16033142021
"41"	0.214	0.000223195745608454	0.395036979513107	9.18061491625994	0.0101050517761442	2.61623937736563e-05	3036.75613964038
"42"	0.222	0.000849349834760255	0.201435413054341	5.0319862634307	286.892210998592	7.71567759264784e-05	2234.82756072034
"43"	0.215	6.75723315230735e-05	0.00693147180559945	19.7924099352804	1.25305574442066	2.1837354559827e-05	2881.31336638171
"44"	0.216	0.000207214849190905	1.34700183268655	150.102966289316	0.067435111024936	5.14155796686432e-05	3046.89764229771
"45"	0.224	0.000435112932218933	0.987949177538379	5.03443578376207	2.59171583144917	0.000106411924105817	2324.12602312132
"46"	0.221	0.00066433413665099	0.860195280685391	3.17097136020821	2.7173712485815	5.11209935190401e-05	1936.18175298629
"47"	0.222	0.000786985940442406	0.877103878285916	4.2308493570867	31.179815242302	7.75370082226833e-05	2243.35100630365
"48"	0.221	0.00144665261567736	1.25908673954893	62.8561585238482	18.4689465073549	4.62272521858643e-05	1991.68049420905
"49"	0.338	6.14162493832359e-05	0.00856951710244808	146.747190032326	0.877376448137166	0.000307284222925427	6338.5073923712
"50"	0.221	0.000678394098111135	3.72055301245209	1.12494253894238	17.7805327489478	6.44634470552042e-05	2037.26309646158
"51"	0.214	0.000338922951961272	0.352476757671659	23.6919002520477	0.0154641944065494	2.01942466527617e-05	2915.60197961087
"52"	0.221	0.000676700068818982	3.95611933691971	111.567514100047	50.5070583554489	5.33186929046007e-05	2039.94203820981
"53"	0.221	0.000859142432456277	20.6529281636211	5.03181439680286	286.195593972046	6.79635921569575e-05	2082.33882272279
"54"	0.216	6.44888817883554e-05	0.0197936335777123	5.06817820373098	0.235058965207753	3.11344813100682e-05	2683.20360236582
"55"	0.218	0.00122089394526838	0.0336525248975414	18.0066320805272	0.0995783907295577	5.97538689220351e-05	2618.6434856733
"56"	0.222	0.00154147628243907	0.052439670952428	2.37592384362649	227.314563424928	7.73936543887349e-05	2266.31074171598
"57"	0.217	7.28634968878081e-05	0.0452376249856429	11.3092383964768	0.206240875726357	6.332424014426e-05	3049.72403789097
"58"	0.217	0.000920203156511698	0.0937717018235973	602.964594138027	0.458872194980158	3.65934680739497e-05	2663.14115496193
"59"	0.221	0.00250632728995901	0.395280860989972	5.87700047307114	916.712539900519	3.07054026204462e-05	1788.48173764411
"60"	0.222	0.00182372755372592	0.203676458601714	4.53923854693015	251.384041158104	7.94232825603484e-05	2214.35878595818
"61"	0.215	0.000163636754777087	0.109766701017674	26.6731944857284	0.14195154266618	2.54986901422547e-05	2905.1706088656
"62"	0.338	6.92625829316874e-05	0.0132775707188443	109.627355332799	0.0988105060925513	0.000252411919692043	6156.88359771555
"63"	0.221	0.00174711047531481	0.220228845628697	133.249518316732	45.2749778276887	5.48951802471909e-05	1985.00890061625
"64"	0.216	6.66122408646839e-05	0.00693147180559945	120.759948976204	11.7171913455502	2.55320141340273e-05	2732.76773739408
"65"	0.221	0.00268939658791411	6.08377630534273	5.07864908150835	2.59725959909676	6.192254552205e-05	2180.41313924584
"66"	0.222	0.00135104614398214	4.15891968571271	4.26695025464893	27.4217931120492	8.1869740262432e-05	2302.07007414721
"67"	0.221	0.00141495460875228	4.46690968203136	14.4903142723366	176.713229044061	3.9642454917099e-05	1849.42395808098
"68"	0.221	0.00226458589271314	25.8505796373377	6.28599040977834	38.676970154927	4.38921405220985e-05	1953.93073266688
"69"	0.221	0.00185029218957489	20.3159554766099	4.21169091730275	0.263281281023916	6.8134336222085e-05	2090.57194270203
"70"	0.222	0.00224349163094731	23.8788003892469	6.18112820614848	85.9025531559447	2e-05	1779.13925207267
"71"	0.338	6.09694736913338e-05	0.00693147180559945	336.486699044407	0.404189639681334	0.000246993696724544	6276.0341843309
"72"	0.221	0.00197390602862059	19.7744703766611	24.7440651324608	119.948185134286	4.41832104897519e-05	1917.89440556218
"73"	0.221	0.000136072741783815	18.0198001374003	122.899493413238	0.0406615425693669	3.39510858434321e-05	2041.89425726287
"74"	0.22	6e-05	0.00693147180559945	152.030714712269	10.0408707949266	2e-05	3238.18950888565
"75"	0.221	0.0041672013103631	0.0709280950184687	3.47252827291297	243.33097810814	4.39210698612647e-05	1988.87133962689
"76"	0.221	0.00511373959194002	0.0603707710858747	3.99639675327536	828.688837512861	4.58140755962385e-05	1983.76110848539
"77"	0.217	6e-05	0.106485990267096	9.43400736503019	0.0868299949196455	4.21559980028062e-05	2813.43634355031
"78"	0.221	0.00450068497649822	0.0546273041228855	4.36241149835581	372.101215829398	6.35871149810721e-05	1981.71903147252
"79"	0.221	0.0043800261354702	0.396996156332335	8.4023403941593	4.32523725979455	6.43368744641023e-05	2166.3118062639
"80"	0.221	0.00456328755509174	0.294741609432237	4.19672250676247	975.068004137212	7.52740016063331e-05	2182.82110353477
"81"	0.221	0.00470150691005084	0.289336659384787	5.87204819004093	897.564999384784	4.10124352547471e-05	2017.16875384416
"82"	0.214	8.25035923514659e-05	2.19207277359809	35.3378960438882	0.00762141009586785	2.09540749857159e-05	3057.90616337261
"83"	0.221	0.00353034003237913	0.996253160403132	4.94017650334325	2.10168224118877	4.22042546597595e-05	1981.46055188892
"84"	0.221	0.00367976047542336	1.22778810879988	4.96730080994956	512.335957724503	3.74456458583883e-05	1879.74914064302
"85"	0.218	0.000611129028225885	0.00693147180559945	12.3756177931439	0.94700791180551	3.41423235300236e-05	2482.36274730805
"86"	0.217	0.000159403426739244	0.810260179815885	85.8336388361731	0.0983935866743922	4.7625445350117e-05	2801.14142701049
"87"	0.221	0.00325297888352628	4.23660557223228	3.4096218571718	18.5799593740789	3.31023824468937e-05	1801.93683557143
"88"	0.223	0.00299940665199979	5.79756708602271	0.290489610607585	14.364049256901	2e-05	1558.11074532048
"89"	0.221	0.00313662910752299	8.53230457389989	8.02017034447801	984.52283544397	6.72574317747996e-05	2174.73592888288
"90"	0.221	0.0033598542721545	3.90406632306132	2.45623004628823	292.764299716202	4.83331897129381e-05	1976.46337023719
"91"	0.221	0.00241638279488537	0.82645707648558	154.176860886965	0.0609036422314259	4.56974520019401e-05	2246.83023227595
"92"	0.221	0.00297632236750908	6.46068312143885	29.1226817344177	0.14195154266618	4.2448519857469e-05	1909.15471492617
"93"	0.221	0.00333949981317065	18.2965536270279	5.03372937486921	2.59119749782907	4.41147918608532e-05	2018.72672351887
"94"	0.221	0.00326553892964627	18.8569544240071	2.9373134792514	977.202786920026	5.71503638584366e-05	2051.79177650507
"95"	0.221	0.00332635558223468	18.1859887972081	6.66247739305908	0.321151958602256	4.29487919044229e-05	1808.93747547329
"96"	0.221	0.00335487628310818	18.0975122840966	4.52654969437506	25.0303490238257	6.06901744733241e-05	2104.99244859851
"97"	0.22	0.00132558886451753	2.37822805450969	35.8655897715088	0.017861197959454	7.03418911999227e-05	2558.4621445286
"98"	0.221	0.00287772087016171	21.8819549508515	10.562332680847	0.0109836168938079	6.20909748372884e-05	2191.18024452975
"99"	0.221	0.0031794640710273	18.1704002877269	136.809626661079	1.27904674741458	4.2448519857469e-05	2032.50611447242
"100"	0.221	0.00374421142406373	24.6752898804495	161.257649309238	572.476299355186	4.1664976988914e-05	1973.82511812018
