"V2"	"V3"	"V4"	"V5"	"V6"	"V7"	"V8"	"V9"
"1"	0.385	0.000150696421491105	0.00911279386905797	15.0633949626721	0.0233124292124742	6.4055570722402	0.00035291016853866	3274.10282158321
"2"	0.383	0.000150696421491105	0.0139226260872318	5.91801082666597	0.0248538835063087	471.943299043008	0.000335802138569608	2983.00906846237
"3"	0.198	0.000175099717673571	0.0462152356545441	14.5909948461406	0.288587463961077	23.8948040078498	2.10442209294698e-05	1288.25024903073
"4"	0.197	6.72306851806049e-05	0.0230274700338881	8.32500239687329	1.06524161388734	0.0239132629514397	2.36899856026346e-05	1072.21365052877
"5"	0.216	0.000187329675795447	0.0099342240555438	13.6330121460971	1.13655334161089	116.257799041752	2.03462163934131e-05	1657.91173185239
"6"	0.196	6.42935428574667e-05	0.0178363745509204	23.3976533460635	8.24735115734245	6.66898785999381	2.19248658760416e-05	919.984880516798
"7"	0.198	0.000303563443272926	0.0691587368190874	49.2241456553579	0.87813704515833	8.97331249207032	2.10277773743496e-05	1263.34697558714
"8"	0.352	6.57967416520827e-05	0.0296927939413649	60.081957092048	2.6400262807406	70.2416921631644	0.000461371409532556	3066.88745487918
"9"	0.35	7.12164808169502e-05	0.0814610054467816	4.03933592656802	0.0516482444343211	0.0189860647769802	0.000342908850046001	3053.47922627757
"10"	0.598	0.000184661045288692	0.18288914572972	198.900560508548	996.259940813728	0.0911847508474256	0.000358605751557002	5236.43654033255
"11"	0.404	7.17511682441924e-05	0.627899383610539	153.951234148406	0.0441753253962863	42.2532700111017	0.000453850585847607	3462.76509437204
"12"	0.3	0.000159199211005896	5.95649576822536	11.115137793324	82.8449565290404	72.5433770139221	0.000263516190080745	2357.88343458462
"13"	0.3	0.000159199211005896	6.30461141616638	11.1343291419948	89.7797618442931	690.162119326984	0.000261602683111298	2357.88343458462
"14"	0.338	6e-05	0.00693147180559945	7.64630321416502	0.0560256318033966	5.96516440206447	2.08253196532707e-05	2975.38656334993
"15"	0.593	0.000193056337350523	7.3201118663878	198.904558596979	995.574137877562	0.0438082255023247	0.000196203235134854	5236.43654033255
"16"	0.195	0.000173577699782218	5.85995735323925	1.27968550037843	0.328397802251454	0.017046330516755	2.03665349861633e-05	789.746314771846
"17"	0.34	6e-05	6.92467969405272	183.780246844522	0.0724025217403373	0.208343542706764	0.000462488866988968	2928.44088980436
"18"	0.201	6.48526135265544e-05	2.06146746206597	13.0001169803905	0.00654876700862137	4.75479643920028	2.71152662183228e-05	1454.36161456813
"19"	0.286	0.000171170797128385	5.62644273682782	58.8755661090523	0.449083169179446	33.1726003452315	0.000275407858006469	1960.10784394923
"20"	0.3	0.000167702000520687	22.4172291367564	14.0987994920525	183.849235483736	687.955722036499	0.000267599727276115	2357.88343458462
"21"	0.3	0.000456744800387632	0.0692762087845931	21.1503129137882	293.230092018022	0.0416472538338126	0.00023844853653659	2357.88343458462
"22"	0.589	0.000593790224851378	0.0695950686375949	198.92642237076	918.855609063508	5.07930840100706	4.3616046783296e-05	5210.79716113007
"23"	0.198	0.000763185565564053	0.28503018907441	25.3936354690408	0.0114710820963087	0.545509343720076	2.31033693259854e-05	1292.70532376399
"24"	0.337	0.00069731352210932	0.0159665879131715	183.463043725803	8.42056176081075	3.62239191443913	0.000423590902196918	2755.59473784573
"25"	0.196	0.00264126334582371	0.202770980396822	33.8867350088027	0.301053329396875	0.246732316801613	2.0448410844482e-05	966.642390836302
"26"	0.199	8.27039614172378e-05	0.0527964388801862	12.0305934136046	0.981725387684316	0.303682101207532	3.19751335955051e-05	1091.8157320422
"27"	0.319	0.000527782467791964	0.302245449818037	13.662081071301	185.781706383306	337.619784167711	0.000462488866988968	2357.88343458462
"28"	0.299	0.000408348646228058	0.591670584693937	24.6807369540668	796.653361963932	20.3763497573998	0.000223613222718855	2347.06853965494
"29"	0.196	0.000352758977652726	0.139274982317446	3.48316589423048	0.0500657292588461	70.7719066032321	2.0558242388721e-05	1011.80681299025
"30"	0.3	0.000408348646228058	0.396513287382635	17.7270652443979	641.912936635834	109.766166923788	0.00026192461769684	2357.88343458462
"31"	0.375	6e-05	0.0992373320628356	186.323651511872	1.5015240153199	2.79090612175562	0.000396420378382261	3426.80605274964
"32"	0.195	0.00235142004276287	1.06074377754006	5.87080657237388	0.357843668374981	1.56461464126048	2e-05	882.431370377175
"33"	0.299	0.00044763946861708	0.545417968918201	55.2563931600651	79.8321777254812	0.0885662552098005	0.000251708483641778	2357.88343458462
"34"	0.29	0.000623126508514416	0.222538867846164	39.0448359621851	0.320330530671023	146.155356363066	0.000245472192300708	2357.88343458462
"35"	0.221	0.000420052922712643	0.143611057380476	10.1956661092139	8.81563760181284	0.204865912536507	5.53987309012699e-05	1455.06764186368
"36"	0.3	0.000408348646228058	1.08042352141894	13.6930082387788	11.7304199828628	147.762008403303	0.000271393062088011	2357.88343458462
"37"	0.207	0.000108716205431212	0.130065305229245	0.0309163538433693	143.138158671439	0.958033716773966	2.18761994693113e-05	521.578766809354
"38"	0.348	6.18733047299035e-05	0.0862893217117914	4.24451291969034	0.0454136530621169	0.28853299555601	0.000379144375444634	2785.49603483007
"39"	0.299	0.000408348646228058	1.54428530213822	18.0628759165607	727.022217754467	147.58599109594	0.000268336976680534	2347.06853965494
"40"	0.196	0.0057518331170802	12.7441448921647	13.9452085966986	0.0329223308578367	0.017954819318571	2e-05	808.187685275684
"41"	0.202	6.42531762467334e-05	1.82271436890809	18.9124841779715	1.08624444825966	4.9437752168396	4.05369509398411e-05	934.901838420747
"42"	0.207	0.000515258432528976	6.61422574786685	0.0304948273708394	0.562184460497704	0.0528266863294015	2e-05	521.578766809354
"43"	0.308	0.000458003964503812	5.45937924551068	7.0886374212394	98.3605526779168	0.187129221172066	0.000392068907957151	2319.34758543188
"44"	0.196	0.000496816732395745	5.6954386724384	0.710874410595472	169.209803196517	0.00483511043918664	2e-05	710.258388244987
"45"	0.196	0.000495727094028843	6.03567413917124	0.422500546259972	123.12229436062	2.1957706135991	2.00673460276261e-05	686.774698963677
"46"	0.389	0.000570340443285191	0.00693147180559945	154.870294171629	2.78965657207561	19.5559924106788	0.000389938929844648	3462.76509437204
"47"	0.588	0.000277993983037455	5.89997462571087	195.280469406537	216.84823216363	0.181976938606582	2.17717991643988e-05	5215.12838241468
"48"	0.196	0.000455884366978374	6.29842173587343	0.647390357263161	149.225409156901	0.0618686051778479	2e-05	655.246267238646
"49"	0.357	6e-05	0.0102319508738018	9.12560703986277	0.0320265196187376	80.6636078328293	2e-05	3291.11947056941
"50"	0.279	0.00182587281893447	0.0592142004078463	12.3797532228805	883.052549479633	0.653649664347388	0.000256511545583751	1926.65471267699
"51"	0.198	0.000123556383901588	0.0403033098218287	15.5101358855761	0.425299965925143	2.34876736188526	2e-05	1304.29354429732
"52"	0.199	0.000281637154001373	0.0292561378454315	6.52020206817561	0.583618767258865	0.0234967713702335	3.01623430512374e-05	1146.64582623524
"53"	0.363	6e-05	0.00832309805395815	45.7499723077577	1.3293610098589	67.2892048547451	9.09677901751292e-05	3291.11947056941
"54"	0.197	0.000352012728849923	0.0109093503394424	0.676273925606661	143.51688214883	0.0228193826486535	2e-05	546.067579282133
"55"	0.367	0.0004990400151607	0.0193816917794963	198.967706847109	1.47445105992845	0.202273583332373	0.000392539505965811	3198.74755601386
"56"	0.212	0.000180184763363462	0.13861361017628	7.5855596409534	0.894686796889492	0.0215220766674772	7.22503031402127e-05	1114.83269590768
"57"	0.196	0.00114477880910584	0.209313896155403	0.520957928291156	146.357888412151	0.2104493576688	2e-05	653.982185464263
"58"	0.313	0.000138975826016423	0.201832029872276	5.72452809634966	0.0651908392247736	0.0381177785231493	0.000352038045610799	2574.83739857865
"59"	0.195	0.00115413399789168	0.204403898706085	1.56001260218021	0.31639994274159	0.00204606453247091	2.00384425430284e-05	843.784266706714
"60"	0.195	0.00585220516571159	0.768598333164668	1.47173154210614	0.0335451988290852	0.0468516160254923	2e-05	794.496690352003
"61"	0.196	0.00124875278814395	0.215580390648581	0.870919846963212	149.377675329889	0.022283785818628	2e-05	656.433414086013
"62"	0.211	0.00579158207525885	0.00735041165951554	1.63694459978265	0.00146438858565925	0.0232788541116083	0.000161934846002917	521.578766809354
"63"	0.359	0.000439286766933804	0.271334096654033	198.839660361053	0.0499270801044258	28.342293892133	0.000267311056442414	3218.3384597637
"64"	0.407	6e-05	1.03326924669455	158.344250587378	0.0297215694203552	207.21341431973	0.000462488866988968	3634.41071817467
"65"	0.326	0.000951067072271791	0.17558575896179	60.081957092048	0.250824684217594	0.379773978793254	0.000318250922643549	2815.99312808391
"66"	0.333	0.000126163223384177	0.0739555123691372	50.5146336457095	2.2800762810919	0.0364986680843746	0.000423286590603773	2840.29231941817
"67"	0.216	6e-05	0.00693147180559945	3.56409069384963	0.519943990482597	99.5607964303485	5.18179903397927e-05	1577.72857245717
"68"	0.23	0.00109854141804066	0.222797198271388	7.2746196471625	6.16970210228173	1.04713262862032	5.96850969716151e-05	1551.21030651024
"69"	0.328	0.000950618622143898	2.88632961579876	181.044040125101	0.0946602848752818	1.9575260842462	0.000351067883058121	2815.99312808391
"70"	0.195	0.0017309336550069	1.0774309055168	0.836695300113168	0.560602410505872	0.852218214648667	2e-05	783.825964721493
"71"	0.199	0.000445000503011099	0.00693147180559945	74.9796675636449	7.73329813096195	5.52975205980379	2e-05	1223.4119666963
"72"	0.3	0.00111760961379588	5.86623622960839	13.3880897130564	11.3617553958327	0.648236988343481	0.000231635274129636	2357.88343458462
"73"	0.3	0.00111760961379588	8.0999056270425	13.2652765993577	184.448675047737	7.51103294655109	0.000238992670327916	2357.88343458462
"74"	0.196	0.000597286814924017	3.20551367500062	46.7776180547936	0.031027788099639	0.362738682790031	2e-05	1091.75015188412
"75"	0.196	0.0012521986932096	5.84387692690235	0.906375106080346	4.64460198670795	4.75581554720878	2e-05	903.914155110538
"76"	0.195	0.00117924026278541	5.59402077190735	6.46986817988329	0.289847890635403	0.428815109576859	2e-05	878.510041309388
"77"	0.3	0.00275862189236123	0.0911182145088716	9.87990095328862	8.40823792321243	0.0908504289751105	0.000279221704028352	2357.88343458462
"78"	0.3	0.00275862189236123	0.199192109577295	12.0738380788178	8.80198979492239	4.83020248118829	0.000261319122269192	2357.88343458462
"79"	0.196	0.00412814801565543	0.0670975993133652	13.9695082268742	188.183226126628	74.552145400132	2e-05	829.285151913086
"80"	0.207	0.00126428023874092	0.0493431714787573	0.0304948273708394	8.99107047807387	7.41933277745157	2e-05	521.578766809354
"81"	0.359	0.000610787255713577	0.248838015046372	159.81027835303	0.0541100543163502	66.4445477012069	0.000292418598454365	3274.10282158321
"82"	0.304	0.000932842653499316	0.0144688100154843	118.401047238345	9.44823308029636	114.492370371058	0.00027651326349935	2518.71416345757
"83"	0.599	0.00370951665454251	0.0396753769065332	198.331656704446	132.9389579765	0.736623838692522	0.000448337280239873	5265.04414429966
"84"	0.304	0.00262271518025482	0.195733573958031	10.5133072064462	8.98472818816767	2.66036531685166	0.000365743692032039	2268.7113729768
"85"	0.319	0.00257310115084637	0.191502708063373	9.93666472546712	8.70046731487048	686.001738922887	0.000462488866988968	2357.88343458462
"86"	0.235	0.002657745943491	0.209561377119213	7.09859107246072	99.3693115128778	0.0146520437432486	6.84927210384995e-05	1608.52152702432
"87"	0.3	0.00257310115084637	0.499673410235798	9.47394828557054	24.3122665499379	1.3783119401639	0.000278962615979367	2357.88343458462
"88"	0.36	6e-05	0.123232459096929	145.8477530561	1.04442497911604	0.03609441578923	0.000443935557333348	3218.06693810467
"89"	0.289	0.00238758040933151	0.127709053104297	9.75389097275811	0.496986682285221	0.913323009302647	0.000256786715278631	2233.12549958113
"90"	0.3	0.00238758040933151	0.884783696136847	9.75432187163356	0.496453317670389	13.5705258578866	0.000343496916595267	2235.04624285785
"91"	0.213	0.00266773394210728	1.26069423842085	7.11615262489595	6.15639535358579	0.405848828845604	3.39471870438606e-05	1339.46955124812
"92"	0.243	0.00278829713663431	1.06215875392985	7.09884424756952	99.4964513971451	4.78429530862327	0.000157721922167493	1458.47155531292
"93"	0.198	6e-05	0.0954622138064965	20.3867995005747	0.234889002018102	4.2353187357293	2e-05	1249.5578929662
"94"	0.299	0.00300104647305	1.64516540853167	17.3578711130131	43.9186206809273	0.0483753735677994	0.000287055056098649	2347.06853965494
"95"	0.195	0.00187159985702487	1.02399588882255	0.952855068609882	5.13027987260651	0.0764795636453849	2e-05	789.824373906881
"96"	0.3	0.00257310115084637	1.60845234894305	9.35764110681768	394.574187206007	8.37260059377559	0.000238951733370279	2357.88343458462
"97"	0.3	0.00257310115084637	5.9361285715063	10.5585947466051	4.85592249831281	5.02662208124674	0.000264451513286351	2357.88343458462
"98"	0.304	0.00268801109141431	0.992209057036503	14.7697857690999	115.304513024815	38.7165249264498	0.000365306092864212	2174.1415976397
"99"	0.195	0.00204280950722725	2.033644398732	1.48058116616706	0.0198165651320909	0.597457145254862	2.0287752380134e-05	849.253337500446
"100"	0.278	0.00330612214069158	6.44747525750396	21.9822392222025	7.08520435058253	0.517761907555113	0.00025180623370062	1898.8149065724
