"V2"	"V3"	"V4"	"V5"	"V6"	"V7"	"V8"	"V9"
"1"	0.254	0.000176854088232968	0.0636736431268759	15.9790425402504	911.904140668569	0.040166648827735	0.000524546467121427	2370.82538360108
"2"	0.175	6.54032594239526e-05	0.0177633224279185	0.00764291295367761	150.077070596938	5.46764405317923	0.000308813618620046	714.041128917253
"3"	0.243	0.000160668330012863	0.082984626611183	7.47965014451811	298.301184020254	0.755122998215977	0.000447908565346905	2275.29788965184
"4"	0.269	0.000220630675895885	0.0140545810216004	168.089566911281	2.36896647524358	33.8181394926381	0.0007701635	2714.46324501948
"5"	0.152	0.000163684401813539	0.0506713603775658	3.84630099774428	6.82193707834387	0.154077572664838	2.45770212565901e-05	773.708301181431
"6"	0.252	0.000160668330012863	0.048859241318438	47.8412578134905	34.5086442371814	181.916667933499	0.000478310700059093	2370.82538360108
"7"	0.242	0.000203923008343141	0.481286383488722	28.4607732363819	794.092733550623	0.594608039139335	0.000384217679215248	2275.29788965184
"8"	0.253	0.000800875382146127	0.274915360479394	14.23455091448	884.81259038949	839.504917418626	0.000502053671468983	2370.82538360108
"9"	0.154	0.000168158650666833	0.212972208293746	0.451377323998512	0.544619476993062	5.2559953173632	3.25243176467284e-05	741.606327144333
"10"	0.596	0.000447469996480131	0.938206915704273	204.668351953187	2.72490466692622	0.0174169484648537	0.000242077954856355	5276.92064641792
"11"	0.598	0.000111566399010652	0.00693147180559945	76.0536160548043	160.960887964704	5.51557236204796	5.44435094537589e-05	5282.42241534283
"12"	0.242	0.000160668330012863	0.691811105069276	14.7256174319486	476.740349876542	1.88511438510072	0.000439841958778976	2275.29788965184
"13"	0.596	0.00595638498028337	24.4022865463342	200.028671774832	0.209178486282916	59.1300448015791	0.000131755645175199	5282.10934708208
"14"	0.152	6.73587845485458e-05	0.00997201307892323	1.56576674869761	117.571536248939	0.133377426425286	3.32194243277572e-05	784.490017976184
"15"	0.154	0.00016490189480718	1.07253912769474	0.468149270692798	0.555652120356354	0.0101448945421916	3.16317449673869e-05	735.021940623242
"16"	0.252	0.000187887543564835	2.1480776357717	8.86956555731711	141.948684621286	0.740486053062255	0.000472417574759117	2363.13096072537
"17"	0.153	0.000166269357313941	1.07517915978898	0.589574397950511	157.344431449384	0.313042321911449	3.10776250498446e-05	764.438410279642
"18"	0.226	0.000144513042961329	1.14894457086676	199.330019003347	0.0344749052040182	5.60054072396821	0.000108006947584701	2431.61755317741
"19"	0.241	0.00017065640384813	1.11958440063393	30.7874308301188	81.4877990484376	0.0572837313046087	0.000501180749425592	2077.49122996706
"20"	0.174	0.000182808383099109	6.15151300016124	0.0043563818870671	82.8823010115491	0.33239172603282	0.000360346326445641	720.307608532886
"21"	0.253	0.000179552485311926	6.20511586372289	10.6736827360361	0.928409037513703	0.056028120133684	0.00051903203090621	2370.82538360108
"22"	0.229	0.000481823489944635	0.00693147180559945	35.0409723231331	2.40100164601953	0.0644612607885447	0.000251693063126167	2401.81879373032
"23"	0.603	0.000169234379424724	6.95537762177943	203.437410963054	26.3911816655808	140.637436870822	0.000455945259648351	5261.62230615183
"24"	0.253	0.00017743345854847	6.56504451823538	24.8614745814644	76.1508196973274	0.74931006908279	0.000474214320660577	2370.82538360108
"25"	0.26	0.000999714251657157	0.0269341219354532	0.0121325622680659	0.0244450735060871	0.00156599210133871	0.0007701635	5390.02343875956
"26"	0.604	0.000486027402643937	0.0468299099631199	0.0152627415269211	122.609937773954	0.264281549483126	0.00036892002400254	5390.16820255179
"27"	0.173	0.000119514115486138	0.0238044344354958	0.00874158254764122	0.838893014363999	0.0101357506145619	0.000226784581467488	605.338709210282
"28"	0.266	0.000591551710817105	0.0355494874804634	6.36455385227651	6.02412874793464	473.921045034707	0.0007701635	2370.82538360108
"29"	0.253	0.000440983150918214	0.0882229813537065	19.1683391118294	291.860484591929	11.2076769345003	0.000491933589026071	2370.82538360108
"30"	0.605	0.000130926174631631	0.00693147180559945	64.2288303188942	951.961007448726	35.9219649694937	0.000325036257938251	5283.07905079144
"31"	0.24	0.000775698624802458	0.0312160207913789	33.5025081174398	0.0182289950548164	0.160852848458772	0.000769639725484955	5395.24660517546
"32"	0.6	0.000215549271496746	0.00730011403242452	70.1929455434806	242.968538873006	83.1765819579346	0.000124446711677382	5282.98975168197
"33"	0.251	9.8936742028536e-05	0.066827109103952	0.0230426326130523	0.0213949227725044	0.0075644447142854	0.000196711078393184	5408.01075794105
"34"	0.254	0.000410963251125288	1.19867395029361	6.10865771971648	4.28209674333147	5.08794840806422	0.000519084012579748	2370.82538360108
"35"	0.265	0.000410963251125288	0.198296501088641	16.4565502696078	3.56362940693239	11.0772162030372	0.000763007410185291	2370.82538360108
"36"	0.174	0.000642335362210262	0.448880049118854	0.00100495417307659	0.0433325901343532	120.080878735953	0.000753111313108817	734.98641886655
"37"	0.153	0.000427281185536899	0.20767213326274	0.591241451681832	0.623933528759688	4.7317235974913	3.30670376903641e-05	775.373545143492
"38"	0.599	0.000650657205049203	0.233985948900829	120.486112217827	158.565098442367	82.6587491484895	0.000164328377984216	5282.76084798015
"39"	0.598	0.000542281747698941	0.621144527050562	123.684348818207	26.3913121805136	0.374834984195658	0.000128226055876144	5280.96983809854
"40"	0.174	0.000413965247612387	1.03827286397391	0.0991272819868815	1.28211458489868	69.2778952079159	8.67621824245385e-05	826.316723142442
"41"	0.153	0.000429297465021119	1.07219680561212	0.439818989799934	0.031177282293547	2.12501425292982	2.5487496881464e-05	712.825421675994
"42"	0.593	0.000484624162502427	0.854925364069958	204.783650041144	1.99296475337597	78.5921340478905	0.000103243982982763	5280.2925475646
"43"	0.154	0.000599653352180078	1.57097421430498	7.90518931573839	6.2130279146168	0.458515130402912	5.53972346221226e-05	989.650377106108
"44"	0.242	0.000509298724613187	2.21135534039474	14.2509501558606	480.084983275366	10.4359920980298	0.000401836928821822	2275.29788965184
"45"	0.174	0.000429306995348586	1.13535559375374	0.00100495417307659	148.962634635994	126.496445096148	0.00074789125589723	758.604731972252
"46"	0.253	0.000440983150918214	9.12356702166029	8.13402255022786	96.2335068160866	10.7506210360833	0.000504317923089982	2370.82538360108
"47"	0.254	0.000440983150918214	15.7164012000458	5.02164093404377	4.83893670235991	30.5564863185423	0.000487814197657698	2370.82538360108
"48"	0.152	0.000457348890792647	5.81000266023611	1.72954998977368	0.0179813175323321	0.0159628058989403	2.95196478221734e-05	774.631074861038
"49"	0.595	0.000490902401982848	5.5957746902767	138.396210509691	0.767493094536953	0.233906192571244	7.78424207379913e-05	5282.71777633616
"50"	0.602	0.000576401884470071	7.38107193673418	136.288427131887	179.45631583429	5.96035791699383	0.000290847118000885	5281.02630564973
"51"	0.174	0.000457137817594493	5.88964791745845	0.00100495417307659	8.25586231992173	0.0314175546667625	0.000752776297528202	756.597602639173
"52"	0.278	0.000525442602140377	0.00693147180559945	28.1170153674113	3.47626244051838	7.50425870885911	0.000665905232113174	2557.15642124617
"53"	0.527	0.00112158364766382	0.0408656571402016	11.2505818161425	2.51073532236904	949.247145775083	0.0007701635	3578.36864961572
"54"	0.266	0.00191172105058581	0.0500662117100473	24.3949409743486	288.486825844522	11.181396212253	0.0007701635	2363.13096072537
"55"	0.154	0.0021209889366799	0.0712736079572578	6.10654246555736	72.0441506686827	102.565058478451	5.53317807841391e-05	971.360717574219
"56"	0.243	0.00112158364766382	0.0408656571402016	5.89975512980404	4.85247032003671	299.173510780369	0.000387632991777291	2275.29788965184
"57"	0.243	0.00119664512624421	0.0355913470840834	12.4144663403212	195.67807075842	0.0484109894971948	0.000407296603519839	2275.29788965184
"58"	0.284	0.00106574930235912	0.0356192534864967	25.9629247541648	0.860043434929137	0.0990601305855047	0.0007701635	2714.46324501948
"59"	0.152	0.00439711181297236	0.121530989158572	0.539941163196036	0.689659129835965	12.3919036317292	2.05441025332653e-05	651.573062591338
"60"	0.152	0.00592721976851119	0.150030397454207	1.19490721223247	0.563546308768557	1.26745269542558	2.68450348670479e-05	780.092690787369
"61"	0.253	0.00115058809044577	0.00693147180559945	0.00877909987780676	0.129061411468311	68.7921136502978	0.0007701635	5391.32852627239
"62"	0.253	0.00103783212970677	1.35970267804338	14.2334287485643	911.458791933921	78.366680933496	0.000487130050777289	2370.82538360108
"63"	0.253	0.00103783212970677	0.232264746255276	11.2029501033727	10.6092340534522	181.786041651219	0.000479092181693601	2370.82538360108
"64"	0.253	0.00118168888246706	0.525104787853338	15.9961311399742	913.932098327163	0.118054613219562	0.000511211561350253	2370.82538360108
"65"	0.603	0.00157333597615886	0.310628095494734	139.554572740464	182.187425268393	0.0303918657912744	0.000362062701955352	5281.5544548243
"66"	0.603	0.00153285894021557	0.313327138109534	139.592261081756	182.297073789836	7.23719710012366	0.000354693259707006	5280.91475315434
"67"	0.254	0.00103783212970677	1.21690243267795	7.33388155414268	205.081235399038	5.08874925670617	0.00051342588509477	2370.82538360108
"68"	0.268	6.5989660872939e-05	0.0285591741463287	31.1113133145824	4.91318448829378	0.311464648283551	0.000768747697107218	2429.55683693517
"69"	0.152	0.00120027442534434	1.04727386545949	1.56376649200832	145.535291114692	0.0196978461632626	2.32814474421469e-05	660.361776488691
"70"	0.242	0.00131217483967192	2.1545514222518	14.2509501558606	478.155231847124	9.42039860959662	0.000463224858826767	2275.29788965184
"71"	0.173	0.00120213156325252	6.38966929928874	0.0121427972179478	0.0185606061349865	0.21740927176482	0.000202679047050582	643.963095956663
"72"	0.253	0.00112158364766382	16.1808964985846	14.2318216584027	904.358786136473	426.3406303424	0.00048661964813822	2370.82538360108
"73"	0.204	6.8859295482832e-05	0.00693147180559945	5.37071298731198	0.302820820409929	216.301613865083	7.76928430677338e-05	2175.7940652421
"74"	0.609	0.00140647022383709	7.30375650223796	202.82677161392	442.608078127444	0.629833407765127	0.000728406077575098	5276.26115133076
"75"	0.252	0.00275975609194537	0.0389927925870632	11.9536089020019	8.37348959126962	0.604494813512572	0.000493251114308636	2370.82538360108
"76"	0.231	0.00275505837268286	0.0417408796536744	0.429141355603868	0.0186137969398901	1.27275852202193	2.08413328886858e-05	5404.99296380583
"77"	0.266	0.00535144444195575	0.0804292670714955	8.81817757335082	135.623385830745	9.6472730501121	0.0007701635	2370.82538360108
"78"	0.222	6.07310868744931e-05	0.0929743756094213	8.1029987821604	776.735084473284	0.126486403754906	0.000391924735783814	1981.47796732122
"79"	0.599	0.00297855431723395	0.04559078819492	95.7447707728453	905.398453643271	1.93481968198307	0.00010945685239365	5284.55956389648
"80"	0.174	0.00587257882909114	0.00768652027461493	3.86479594887042	0.001	0.028461967905871	0.000516676280887065	774.255196054558
"81"	0.173	0.00557772682662087	0.0809971682521453	0.00100495417307659	11.4010557263803	0.0408795844121679	0.000663360542251119	755.958615314725
"82"	0.245	0.00498099123498353	0.0188861550189855	66.9012686039735	6.72987183280275	0.733070947054132	0.000529958022105589	2240.40746346517
"83"	0.265	0.00257463549551605	0.198296501088641	8.13294512478818	994.879121598138	415.058895179758	0.0007701635	2363.13096072537
"84"	0.174	0.00246689833960083	0.0383692248847805	0.0347251052991937	0.0164139491756849	0.189644897025274	0.000118953765434375	759.629328829763
"85"	0.153	0.00263434917288667	0.203716513747496	0.591623957130155	0.618288808741416	4.64762743293764	3.45361292311891e-05	774.531019511889
"86"	0.153	0.00275246589174381	0.214216396416928	0.455047892392716	152.89425402724	0.0880542171888626	2.10473257129172e-05	713.573326985457
"87"	0.242	0.00257463549551605	0.648609949169463	15.2049322111551	477.498609741463	29.9480295337975	0.000435631586564092	2275.29788965184
"88"	0.173	0.00272935992615159	1.10480920814258	0.00465400759407689	9.19064075993646	0.330125092224022	0.000335414036602991	672.50516715091
"89"	0.252	6.07310868744931e-05	2.11814932439148	8.82996118813075	141.750985455517	10.0144666246293	0.000473059866123336	2363.13096072537
"90"	0.597	0.00121188055009929	1.31443362569454	204.767635600981	2.05002371952066	42.4296536519479	0.000266698881512591	5282.18019468772
"91"	0.253	0.00427961283406429	3.09655372046601	7.10190670163562	18.789628658726	0.131537743455767	0.000469054256880345	2363.13096072537
"92"	0.253	0.00257463549551605	1.71740612430472	31.1113133145824	77.5883044003356	203.628306410314	0.0005242433294906	2370.82538360108
"93"	0.173	0.00312996356888852	6.5775582684567	0.0123326864052374	0.0200572581450395	0.221309979733938	0.000191767277946055	634.274376868002
"94"	0.603	0.00368436930923014	8.5497146726371	143.463930113939	924.046439776531	108.614768148076	0.000374625310279104	5281.92137689915
"95"	0.235	0.000499228438501901	0.00693147180559945	10.582853033674	0.0837691762878124	0.0136139550337583	0.000178473068919823	2418.17598972985
"96"	0.152	0.0032746044092287	17.9434859979885	0.725523312741817	11.3760974328617	0.495502330827655	2.18939760078015e-05	615.754881302797
"97"	0.592	0.00353389992747021	22.6960896702925	192.156589427367	0.139346689071438	0.411211962468205	2.05441025332653e-05	5284.29556771363
"98"	0.255	0.00124504024340975	1.19459052746229	3.91834916949215	0.0173829325027477	30.5696358751612	0.000642199437113308	2302.30738328126
"99"	0.253	0.0029371240118605	16.0275120984608	25.18083998752	71.0829393793225	1.82823789936344	0.000486690566197874	2370.82538360108
"100"	0.596	0.00336084898402315	6.53767208010752	103.070671549897	236.022028542099	2.13510538525913	2.4218019486483e-05	5283.1775765431
