"V2"	"V3"	"V4"	"V5"	"V6"	"V7"	"V8"	"V9"
"1"	0.167	0.000173741806695472	0.0141810874743223	16.1206090571806	484.93635096664	2.45235081686327	0.000381050532423524	2226.14497232059
"2"	0.168	0.000172764098155112	0.0635433191538327	23.023747992761	487.17592394589	2.47975959295687	0.00039523503160876	2262.92350099091
"3"	0.167	0.000311122216687807	0.0961306466229888	11.5160534422705	527.086232178834	0.366167621640111	0.000378814082025771	2257.27018625528
"4"	0.167	6.29613782518008e-05	0.033072197588401	7.00274959371873	0.193602562266586	0.0175452034285449	0.000131227566450357	2217.84709620538
"5"	0.176	6.5167578708296e-05	0.00693147180559945	0.592552962274592	0.0401304862541049	0.227110607451934	6.92758610085764e-05	2373.67206927284
"6"	0.179	0.00016212231986197	0.0463067151630572	8.95772914514706	0.0702345224102152	2.34175982332183	4.39636469975102e-05	2263.91319030106
"7"	0.189	0.000163775572958097	0.100037242207877	114.585398237547	0.374644036841204	0.351597345659393	0.000177295453038234	2742.75950061262
"8"	0.169	0.000159227832811437	0.276653879532755	15.9366555903781	21.2161825056756	93.9463847870158	0.000397656602315714	2262.92350099091
"9"	0.187	0.000141449130786486	0.258671166102997	191.504676886193	0.454150050957341	0.0179757045305535	0.000235854900357352	2745.50352324227
"10"	0.208	0.000159948818407631	0.253527162510198	199.255105825322	0.121187143760762	118.383917614373	0.000149760891960075	2837.90622699212
"11"	0.169	6.25197994423194e-05	0.00729314170337477	38.9173786032358	3.5631353532393	0.0188206482936764	9.09416812120609e-05	2233.90795093391
"12"	0.168	0.000159227832811437	0.325956957051839	38.0857391444847	43.9411013386536	200.342864597377	0.000378916991798202	2310.93781156225
"13"	0.171	0.000159227832811437	1.67646093224363	6.84040412293474	390.42320000849	427.045721448902	0.000386585297778291	2359.12397847562
"14"	0.168	0.000160936264232442	1.73392837312071	12.0561847180168	67.7241957719829	4.85706890168906	0.000385811389168864	2282.86924159595
"15"	0.217	0.000145984516199358	0.00693147180559945	64.741705822192	2.5625989993129	0.329307098810979	0.000208334616952948	2967.61845815416
"16"	0.172	7.1044004657439e-05	0.00898230660357216	19.7406516054486	1.19686149926956	3.13148565572627	7.17009786520286e-05	2268.33857609358
"17"	0.204	6.39269410246192e-05	0.00693147180559945	64.7155383959805	3.38865867845662	119.860140652809	0.000207341535718026	2739.01223629576
"18"	0.168	0.000159227832811437	1.67653132203162	11.5816754044617	7.03206356022062	0.173222490901152	0.000390785433506027	2310.93781156225
"19"	0.166	0.000159227832811437	2.78057581142714	22.1740447357038	232.765936876682	33.1950261292696	0.000357498361145077	2262.92350099091
"20"	0.168	0.000159227832811437	1.98140052987841	38.0839844491734	43.9380851317219	200.330132533308	0.000378931538990701	2310.93781156225
"21"	0.169	0.000159227832811437	10.1423826793703	18.9931895230424	5.1509484202013	479.037989512309	0.000397310622729107	2262.92350099091
"22"	0.17	0.000159227832811437	10.1423826793703	13.8196245442928	533.084074084182	2.4885311271583	0.00039761369257439	2337.7042844934
"23"	0.168	0.000141715677415487	13.7201395549903	17.6830604182463	6.94230535164271	91.8581921592189	0.000349053764154238	2310.93781156225
"24"	0.158	6.00072302241341e-05	2.12315242433924	4.20424399799892	0.0136522395985925	45.3536146457631	0.000246478268505695	2023.2638800465
"25"	0.169	0.000178119931691596	8.30870942285964	15.2695929526675	0.637773306504599	0.173191439354028	0.000396105769932448	2256.17541268386
"26"	0.166	0.000159227832811437	11.2314575599142	22.1668760249662	231.838540523529	0.184688624533727	0.000365513573092094	2262.92350099091
"27"	0.168	0.000161882787361242	10.684793460925	10.5205372223028	94.6427231031358	187.90585954981	0.000394956256623298	2293.22635045529
"28"	0.163	8.01877449410685e-05	3.03323596312414	22.4448221798077	0.0133833758470576	0.017466940044634	0.000225113298220145	2271.39209654955
"29"	0.194	6.04834343212266e-05	0.542021724391382	111.022289080384	0.045277801483173	31.694336332511	8.62216763591605e-05	2755.73609778775
"30"	0.187	0.000264689116939438	0.00693147180559945	193.483389310518	2.04784228013256	45.5022879145793	9.0775358574434e-05	2594.28699132871
"31"	0.164	6.1484984413915e-05	0.762931415910909	39.4497792567184	0.193109843948488	63.9720863527573	0.000315423242548077	2288.34672088021
"32"	0.188	0.000112822786566754	0.00693147180559945	11.8390363381303	0.726252813970229	2.65035009174805	0.000166230568548296	2656.78407965601
"33"	0.335	0.000184449384693868	0.0123985840725882	186.463650586169	0.778615585306711	16.801576265888	0.000208237894063787	3501.58814934861
"34"	0.168	0.00040844526273939	0.0718636969019875	13.8180421079174	56.2549045872705	0.0740974602613823	0.000379176036469872	2310.93781156225
"35"	0.168	0.00040844526273939	0.0959032360568715	13.8182979398769	56.1887688009483	201.839915419155	0.000356756429836069	2310.93781156225
"36"	0.169	0.00040844526273939	0.0648828618356801	18.4216018041927	531.756100761702	71.1097561600824	0.000397656602315714	2262.92350099091
"37"	0.226	6.00072302241341e-05	0.00693147180559945	7.91701219021382	0.262448213367664	0.217348854050691	0.00013752849546167	2991.4108785374
"38"	0.214	8.70387512314754e-05	0.0070361897799882	4.13198577610315	0.0882622859459003	2.8512677353453	9.57737611774627e-05	2905.99747968981
"39"	0.168	0.000558242506182333	0.0419722444918304	13.5900165553077	29.7139340607572	0.172501375679215	0.000395584771340945	2262.92350099091
"40"	0.169	0.0011389450313516	0.0860705932001867	12.0962260521549	511.552220590655	2.49272031486842	0.000394889092936339	2310.93781156225
"41"	0.21	0.000224406981130162	0.0295693873522068	209.198668972836	0.860961733031358	37.8467424518404	0.000174882332476384	2865.73395119369
"42"	0.164	0.000484244823421423	0.0803980963326021	11.1071620782296	127.714774013415	0.37557463383532	0.000340474299871595	2174.64039384843
"43"	0.214	0.000132486489295727	0.00693147180559945	2.06266560229984	0.090021145350184	3.22360791065842	0.000190513775549978	2880.34738515449
"44"	0.217	6.11344744327551e-05	0.00693147180559945	2.40089801315861	0.210067805280509	5.59179263866093	0.000327350034926962	2847.80296909634
"45"	0.168	0.000418920198631088	0.29095848186258	13.3065622947225	8.35935681404127	80.8670795924164	0.000393517370840733	2264.49733768768
"46"	0.166	0.000458011439474415	2.67393874817771	18.4253653770619	531.639884404071	0.420319954705012	0.000319311157166529	2262.92350099091
"47"	0.166	0.000445199424198852	2.41610766543955	17.6759852646416	99.7691142598565	0.379477242731865	0.000339562124784794	2262.92350099091
"48"	0.168	0.00040844526273939	2.06856657037107	12.0834094829346	67.9198322768815	201.882259706058	0.000375236403729112	2310.93781156225
"49"	0.166	0.00040844526273939	2.66625685523554	10.8256786198811	127.28750104906	1.11460058310066	0.000337807574084528	2262.92350099091
"50"	0.17	0.000390424070094214	0.584836755089883	87.2779704852849	0.041252343516479	0.0181360897107354	8.51061366338678e-05	2232.44677084299
"51"	0.168	0.000467774084028715	1.10791671058922	36.5090503581676	49.6285275354036	33.8774579254846	0.000389353123912647	2252.92277710362
"52"	0.169	0.000427501011660007	10.4195318355837	6.89554538964893	28.0204303371979	1.0309553168049	0.000396966720628635	2312.95791588636
"53"	0.169	0.000488540757582754	12.7634498195713	18.4239329972969	74.959575366774	14.4533344518863	0.000383157981626451	2337.7042844934
"54"	0.168	0.000473857271687314	13.9478238953859	18.4203672962319	74.9393934249485	79.9537844421244	0.000345960735328395	2310.93781156225
"55"	0.164	0.000475600465590943	12.2116638882689	17.4033240169815	6.82118880065559	0.0311564513069748	0.000336968922649435	2167.20298614551
"56"	0.17	0.000447446019933448	11.2768462990417	12.0585513378544	68.8188604019863	67.2039097136915	0.000382245227640508	2337.7042844934
"57"	0.172	0.00128497994816177	0.0287999208735544	86.4940617972254	5.51032201830754	2.45544520999781	0.000397646128284367	2457.44118734295
"58"	0.177	7.6188036266063e-05	0.00716930456491076	0.444929210225216	0.0240023685152098	0.015611307140267	4.29029247999687e-05	2301.73189501515
"59"	0.165	0.00309076698239169	0.0866008194539586	30.0446552647734	507.607660745221	5.4850115878655	0.000354183476145124	2234.2669263725
"60"	0.166	0.00117295709739166	0.0678442946897196	22.5326956541723	222.648141679816	0.0277218936636792	0.000369923772567494	2249.5528710848
"61"	0.189	0.000597421188235216	0.109893791515129	200.08776367317	0.170229123175539	3.30082411023351	0.000260166010169195	2742.63958026733
"62"	0.21	7.65203335213806e-05	0.00693147180559945	14.0247382825131	0.0567596232229078	0.015962116489944	4.68432933975403e-05	2908.77212586928
"63"	0.227	0.000143172259338444	0.00693147180559945	9.40401115792893	0.0997972315480462	34.2688868278718	0.000120258859090413	2991.4108785374
"64"	0.168	0.00103441734676543	0.325507448026022	9.06194685548946	52.1197583779064	1.04775683372031	0.000379395789281288	2310.93781156225
"65"	0.24	6.00072302241341e-05	0.0253770527581458	208.849741337771	0.506145574269112	6.77664096517208	7.31976921832125e-05	3081.1075669819
"66"	0.161	0.000600421107591425	0.0272658823613178	3.21626011630061	0.299625533973399	0.0171443337331777	0.000225600164222848	2159.33298055997
"67"	0.168	0.00103441734676543	0.32412553445016	22.6916370306838	14.4468353603135	1.06652252805135	0.000379896111035538	2310.93781156225
"68"	0.169	0.00103441734676543	1.91085596047914	18.4203602862106	74.9391373186717	2.46722022407353	0.000396445964781228	2310.93781156225
"69"	0.169	0.00103441734676543	3.42783056949869	13.8190793769307	533.36396591811	81.4165593256128	0.000397656602315714	2310.93781156225
"70"	0.198	0.00105262813127652	0.00693147180559945	149.792485211138	5.09613168490293	0.172690940662139	0.000395584771340945	2795.72122158025
"71"	0.168	0.001139841904074	0.935870758456561	9.2762101217932	3.61191919933833	2.44400447015501	0.000386585889054254	2226.14497232059
"72"	0.154	0.00111174949241591	1.82096368336788	15.0540744483538	84.4168134283547	0.255603789738017	0.000123724096155565	1701.84808091837
"73"	0.169	0.00126100826559848	2.25881359059188	16.5833498472558	92.7860174724956	14.4611888898988	0.000385922905693782	2337.7042844934
"74"	0.202	0.000291707565789979	0.00693147180559945	35.8368581161555	3.24071489556037	0.0288361467232118	0.00039034274398657	2846.33628140466
"75"	0.166	0.00116861898308505	2.05116181558644	47.7307842173635	49.715853228067	0.0292381002485954	0.000358270735204232	2220.71093452952
"76"	0.168	0.0015740157547505	3.05918480078545	29.6746910242248	63.400202949478	2.47414522120453	0.00039217695711013	2266.04631092859
"77"	0.165	0.00113405200358285	11.2258526712562	18.4205871713164	74.9424799685274	0.0367506592665962	0.000343901568038426	2241.77798926718
"78"	0.168	0.00115494268512747	10.7692125251952	8.07010688087087	528.766230776063	188.797035371513	0.000394535983530815	2287.32215047185
"79"	0.167	0.00104618408748678	10.6300836387954	12.0494280743369	4.77880512516816	0.025553048833415	0.000385810529437084	2267.70075691711
"80"	0.159	0.00113868417623751	0.419778117952919	17.3737599806215	6.82346463950567	0.583761085046413	0.000263833508371266	2087.81641922641
"81"	0.168	0.00103441734676543	10.1423826793703	17.3349603655873	6.8121728262408	201.06964765237	0.00035851658960566	2310.93781156225
"82"	0.168	0.00103441734676543	14.3697243540966	12.0564635374796	69.8073811543132	32.7640810166853	0.000394888765622859	2262.92350099091
"83"	0.168	0.00103441734676543	10.1491990307994	11.5786084016068	7.03127579602157	2.47217719093252	0.000391128278399137	2310.93781156225
"84"	0.189	0.000360294894449063	0.166949257456838	137.369439909183	0.07626150858921	160.224435902168	0.000152340731088274	2680.15620885189
"85"	0.192	0.000700333878236987	4.0611119548315	204.110835831662	0.0267789588677503	15.3126667170533	0.000397656602315714	2811.77560040943
"86"	0.163	9.08600380647346e-05	0.856854176357499	35.7006871452216	0.0812886382767533	0.230581814836919	0.000227986082274571	2282.59738785394
"87"	0.167	0.00392372116994907	0.0457503225300565	17.2934564926442	96.4130149052445	0.0741454399451168	0.000378542051569487	2254.56913211544
"88"	0.171	0.00351359533540248	0.0421260070243395	17.6414808432606	97.1819075439423	216.776562626215	0.000397656602315714	2202.35255193734
"89"	0.222	6.00072302241341e-05	0.098493229601063	50.5063511857594	0.215626402541993	35.8919489624012	0.000218681747018681	3041.32494944854
"90"	0.467	0.00313370197900265	0.253896051380777	27.0477148141391	109.814919308387	32.4582670649625	0.000392129016740499	3501.58814934861
"91"	0.187	6.00072302241341e-05	0.0209001300192345	3.5786171166272	0.0692575356411	47.7909607910213	0.00011184317200012	2545.84170213741
"92"	0.169	0.00257401176690213	0.276653879532755	15.4559189227498	485.619596730994	2.46992313018028	0.000394889092936339	2226.14497232059
"93"	0.165	0.00306260739256807	0.337516330222877	69.252400932761	70.1108362332871	6.06077910538635	0.000350313470435288	2241.77034742078
"94"	0.168	0.00322151585048768	0.029624724612381	20.7741802529769	489.058131091638	0.0749827115379196	0.000389426257146539	2237.64096073362
"95"	0.174	0.000151658084711322	0.00693147180559945	26.534882196449	1.36536212347217	3.2634824949613	4.84000603724837e-05	2253.78534670286
"96"	0.217	6.478428583177e-05	0.00693147180559945	3.02262750205711	0.200772633304266	8.7587592120596	0.000258771485000186	2849.43585944531
"97"	0.166	0.00313490017301715	2.05486991427374	22.4753600487294	232.450717338731	5.37163055481277	0.000361990702175966	2262.92350099091
"98"	0.164	0.00285624401714633	2.04285646488717	55.2697283358328	74.5949918315336	0.0275411246097354	0.000329488167505627	2155.64202850418
"99"	0.169	0.00276264731819575	11.4369260258549	18.4212550063666	4.99574552759407	80.5904218581839	0.000397656602315714	2250.51450167892
"100"	0.152	6.69757063745553e-05	0.757156545216991	0.543441771806852	0.616251838299315	0.372571911770964	0.000131617469838746	1628.46371580365
