"V2"	"V3"	"V4"	"V5"	"V6"	"V7"	"V8"	"V9"
"1"	0.252	0.000172439991566056	0.0409263131857161	0.001	0.0325310703607318	1.1167287235839	0.000436305525200946	1853.29982639912
"2"	0.255	6.96979341390761e-05	0.00868766426847946	0.663908644555721	173.148496242106	0.00204346705713639	2e-05	1815.86604580644
"3"	0.392	0.000188268265796498	0.0971516521968125	231.499041807016	290.169637133161	0.00521506976712734	2.28577824386539e-05	5154.85920463515
"4"	0.252	7.0503559093638e-05	0.0125240866802577	0.001	11.9018904795143	0.382266089395222	0.000439016005198226	1780.8751467751
"5"	0.237	7.58437016495907e-05	0.0292279980232016	0.060867488520591	0.0148369581134684	411.359268346664	0.000435316997818399	5354.37805841819
"6"	0.41	6.80559571158549e-05	0.00693147180559945	0.0137695794441777	64.0650966641014	3.65117985341928	3.96460141538413e-05	5378.81431024596
"7"	0.236	7.43387031678376e-05	0.00693147180559945	0.0848088880202231	0.0676413743523658	0.476317450879636	0.000436345563096076	5351.06320073591
"8"	0.254	0.000273244833373086	0.402694812168038	1.24921292465317	8.09007324777332	0.00337257425807701	2e-05	1866.95604809712
"9"	0.256	0.000170764637264572	0.208810653453109	0.563270726863702	9.44654112275274	0.013600818413919	2.01159231455319e-05	1531.41734766669
"10"	0.271	0.00114678080925148	3.88082602225521	0.001	0.0447542215515721	0.215057708186464	2e-05	569.450533433352
"11"	0.271	0.000319220865187117	0.34671402736867	0.001	0.900801566062756	10.6463832179643	2.0471776019419e-05	570.87199784904
"12"	0.392	0.000314191674953885	0.254753212121689	231.153962252114	747.44427719543	68.5867541444631	2e-05	5139.5714142239
"13"	0.271	0.000252770108549288	0.363958305524567	0.001	21.3000996475664	0.212914639250436	2.04810053044036e-05	577.594619646854
"14"	0.271	0.0057512336575885	12.9444562335842	0.0010000000000001	0.0524949111793927	0.327193656697357	2e-05	671.144053096137
"15"	0.254	0.000250466707626428	2.72781636497338	1.16062846351829	0.738988003932489	239.166683055573	2e-05	1715.91032655151
"16"	0.394	0.000167511939375776	2.47829620113425	0.0136579770982584	7.52465004953591	0.399853122327132	8.25461989131113e-05	5393.35522214015
"17"	0.41	0.000197863763548982	1.43264225232667	0.010476061866862	73.3780572029101	0.0177076476546773	6.76063621053142e-05	5392.8720363184
"18"	0.271	0.000277914637171536	1.66235076682221	0.001	0.0484654882102112	54.8413274538958	2.18414881063862e-05	623.698220016641
"19"	0.254	0.00017749055305945	0.319035455564713	1.02103036606587	8.46234124000066	100.917978201641	2e-05	1796.56568508595
"20"	0.392	0.000205320954073522	3.8680523524534	232.146967319777	945.512410473371	0.00794512271187345	3.11901144772416e-05	5144.80494723941
"21"	0.271	0.000315412358067753	9.33248540767602	0.001	0.0451583245098171	10.3540166823659	2.03203831419831e-05	573.915697863831
"22"	0.271	0.000230228363274223	8.63237169963116	0.001	0.0402687181431435	53.986096524722	2.1965957911902e-05	628.893119606544
"23"	0.271	0.000236189994735706	8.66754901020756	0.001	0.0411843098898518	50.9093887999525	2.29459941950005e-05	624.22099473143
"24"	0.256	0.000405547183490182	20.8625364723562	0.00172052070710637	9.55604400246646	0.477677104852722	0.000439029087734054	1857.56802979691
"25"	0.256	0.00178329932313891	10.1889140953739	0.431537563076579	289.094835672915	0.446683579312001	2e-05	1745.52896326353
"26"	0.256	7.12264007683604e-05	0.00693147180559945	5.67534127162894	0.0517430969874801	0.0154630896045179	0.000216744511872306	5339.67651181607
"27"	0.412	0.000208020017024771	8.52009250762465	27.6623509846624	562.296820226242	0.00782519106933539	0.000184322659769326	5344.65267044069
"28"	0.409	0.000305496694364605	23.3250877207973	24.3522882787912	0.421477202319001	0.00598163890539163	3.04632590794485e-05	5344.90654515267
"29"	0.271	0.000237857700766713	8.67067750309845	0.0010000000000001	0.673798603385603	2.34476310063359	2.01055670873458e-05	661.120183598063
"30"	0.275	6.40585594571433e-05	0.0163062889767384	4.42555349548073	0.0225036502374481	1.19585439721885	2.24559895199329e-05	5341.67614330259
"31"	0.254	0.00536586770822227	0.403571679232523	18.1426946801918	0.0196662701146209	2.22243708310763	2e-05	1901.80346121917
"32"	0.271	0.00568417619843044	0.826020574436198	0.00100000000000074	0.871084951799894	0.182867198747296	2e-05	663.429821688566
"33"	0.252	0.000434951172646185	0.0405102372603748	0.00100000000000004	146.8809173028	6.86642526276145	0.00043751239158759	1809.3903090031
"34"	0.411	0.000466469829180584	0.214770087725639	0.0143212885111911	0.284048768676608	59.8435264861171	0.000100033662623998	5392.29487711764
"35"	0.41	8.13825660298113e-05	0.00693147180559945	0.0209357796700821	11.1505746377612	0.0170602749880896	2.11605757429186e-05	5379.8867279519
"36"	0.271	0.000222568479565284	0.0162937595297366	0.001	191.818226477464	0.105083009510177	2e-05	547.566169855496
"37"	0.254	0.00162537268855268	0.488397084895791	21.6666293096303	0.0073332155698992	0.211644231661601	2.03405768450394e-05	2013.49837311141
"38"	0.271	0.000609065559382429	0.388073340630407	0.001	13.1261145819202	50.3182541042989	2.07249772713264e-05	629.47505506819
"39"	0.287	0.00042902317070396	1.0663848935688	0.0130816668134937	0.279576410619253	0.00177648361108378	2.03656506410986e-05	2013.19951992566
"40"	0.271	0.000965606991973957	1.92450100939425	0.001	1.39892187250615	0.0148257867870967	2e-05	568.809818617303
"41"	0.411	0.000460107777786803	1.15285315259326	0.0141106812829248	73.2857455184226	3.82251494704483	7.6469789359766e-05	5392.82749368897
"42"	0.41	0.000468644648600734	1.22597039649318	25.083592263883	22.6765511953066	0.28725266741703	7.81538456126533e-05	5344.00146631495
"43"	0.271	0.000631834805165844	1.64863726619378	0.001	0.66633942973914	57.7540240227744	2.11830473465863e-05	628.01492200409
"44"	0.411	0.00044508257013579	1.57720355842682	28.5359311305996	3.69143058027701	54.4550722984393	0.000140532009175091	5342.15122753356
"45"	0.254	0.000443427600188771	1.10323234183603	1.55943248091145	0.313937763323342	0.616627619868461	2.01345346755915e-05	1784.27471176231
"46"	0.392	0.000564472464891061	3.82423197298628	231.591683367956	970.986176758996	0.0075845896736338	2.12907937232885e-05	5141.43082670695
"47"	0.252	0.000447352574784979	1.10126083675882	0.00100000000000103	11.1711887685782	0.383945446979108	0.000439029087734054	1806.43116719472
"48"	0.392	0.00060236765045923	14.2259766294643	232.217966850783	287.97898513418	0.00485969317494801	2.96875932099148e-05	5148.27055030435
"49"	0.41	0.00134017572485895	9.25768676164719	26.1705886895525	376.317094071695	6.08883813986758	7.96748078753644e-05	5342.89626051324
"50"	0.41	0.000694941744251785	8.68067332879065	24.3092469448058	949.183579279711	90.1810084142494	7.46723424099191e-05	5344.65267044069
"51"	0.25	0.000160014926401294	0.00693147180559945	5.80004627136177	0.052031013159632	0.00808396225527406	0.000250461814270187	5345.88248534891
"52"	0.254	0.000467228612439005	6.25598658455963	1.93109981450616	0.285264042718662	1.29138519479677	2.06535615056773e-05	1786.31983567227
"53"	0.254	0.000465637117909202	6.07605577473225	1.54908559145347	0.307628521944653	0.650352873324256	2.01119951736648e-05	1785.8723822608
"54"	0.271	0.000624703429644801	8.80320357772523	0.001	200.098870705357	0.00949696805223667	2.08256915579963e-05	629.543446704526
"55"	0.409	0.000718704960826764	5.74882306639804	23.1004858438891	512.28150312172	4.8511562228427	3.3260183213818e-05	5344.65267044069
"56"	0.392	0.000519628639499951	13.1628898266299	231.494587513412	440.459214912117	0.0666091796158981	2.85881345377885e-05	5147.27964776888
"57"	0.257	0.0023481697404405	0.10821839430664	0.402367078633287	1.00648025230887	3.34109217865669	2e-05	1676.79130072256
"58"	0.255	0.00536351267541847	0.0796451366005064	0.492103678807643	13.3446711623135	7.97997479146563	2e-05	1799.72683248349
"59"	0.256	0.0004539396321651	0.010264088530365	0.463913302653281	8.72685000023587	0.583471237656562	2.05137193930114e-05	1786.93235765509
"60"	0.409	0.00583590663885964	0.883885384522773	29.272563573361	3.46986247243174	1.3361629916056	3.57531955094005e-05	5340.54149923113
"61"	0.271	0.00246162246414022	0.122404389979128	0.00100000000000074	14.4902471503225	0.177825107411961	2.03003176180918e-05	654.38373388054
"62"	0.253	0.000118325534668299	0.00869263386149287	0.00100000000000004	133.323409868743	0.384121394639165	0.000439024083631857	1752.44352394095
"63"	0.253	9.76274408618608e-05	0.00800567105873197	0.00100000000000004	133.586982231728	83.1593722697706	0.000438013078958936	1754.85825925149
"64"	0.254	0.00182881669790161	0.404787711215523	1.25008082305255	129.265955903855	0.017476372652885	2e-05	1856.18246865631
"65"	0.392	0.00174075102782715	0.33735946776111	232.197458374729	971.04037228531	0.126466741945439	3.11588150696562e-05	5144.97792260178
"66"	0.272	0.000456429636260118	0.0927145050145377	0.001	188.554472655705	0.00560464118150287	2e-05	509.850100573363
"67"	0.393	0.000100033049792523	0.00693147180559945	231.471559168333	973.28068286331	73.0196994529639	2.37103714653035e-05	5104.3316618879
"68"	0.271	0.00163711643430226	2.15423260585774	0.001	0.0490991165770899	57.9058187631707	2.08590010515241e-05	628.92872244244
"69"	0.252	0.00107745936622335	1.06842609377569	0.001	8.4538525897605	0.0306735402476906	0.000439029087734054	1892.93151746804
"70"	0.271	0.00172535836530288	1.89753708729218	0.001	0.0445347667183904	0.0132417104378695	2e-05	650.050165838705
"71"	0.254	0.000642666261313349	0.146259537237779	1.25881041827449	8.42738247479578	14.0955637858538	2e-05	1704.04753873557
"72"	0.411	0.000156505822070288	10.3777978736005	35.1694057374352	0.264865027840398	0.227788263166239	0.000196159696111472	5342.02910431443
"73"	0.409	0.00114753231508076	1.68345455941777	24.3693698105349	3.03337144999748	0.258785943178299	4.05041474570365e-05	5345.00909577959
"74"	0.252	0.00110707593840762	1.10301979932044	0.00100000000000001	8.41263073058761	0.0305753603781462	0.000433987603300006	1819.23227428793
"75"	0.252	0.00112249542119031	1.09907939555012	0.00100000000000004	146.604287970456	103.066000844369	0.000434698281557045	1819.84852869144
"76"	0.257	0.00181336191749644	20.695527582225	0.406021282579363	0.0323838717370905	52.7159275959426	2e-05	1689.32610912049
"77"	0.267	0.00196978538962716	23.2462212132878	0.00165999134772963	0.430700756294531	0.0315940000233795	0.000439029087734054	2124.01717914321
"78"	0.409	0.00125023205719288	6.22338434298951	24.3500879776273	1.40189118234243	17.1921581440996	2.85310960862146e-05	5343.6894275675
"79"	0.411	0.00119484476706459	6.4916207611562	25.9017431308967	23.3947300941444	56.7496305614771	0.00011848349218919	5343.73892402452
"80"	0.271	0.00174239673663871	8.67764741898436	0.001	0.863220716033767	0.0112505256372581	2.08769164531021e-05	661.699762137755
"81"	0.411	0.00387878155850834	0.00730562232489987	5.41592949110864	193.602280879409	64.8304169782673	5.90060935857786e-05	5344.46565476495
"82"	0.271	0.00341946361222827	0.368950078419217	0.001	0.0456402315934919	10.853637338993	2e-05	569.99327361837
"83"	0.271	0.00170331484155729	0.348911508353353	0.001	21.5594805251462	0.0135410413661328	2e-05	569.321100650215
"84"	0.255	0.000286788000938298	0.0261273042251214	0.669968282637724	1.65083719528668	0.0018576870921219	2.02464001169761e-05	1654.99774034632
"85"	0.271	0.00312277475297959	0.423625098473193	0.0010000000000001	10.812527659465	0.0103101760913099	2.08876805017506e-05	663.14791765861
"86"	0.271	0.00312257007313017	0.32423083920285	0.0010000000000001	10.7768167334389	0.165044345376901	2.01085133432312e-05	662.619478123518
"87"	0.255	0.00266030570192732	0.213419491449177	24.5556727932918	82.5736466421639	0.00168988895684806	2.00073339540138e-05	1800.51850785979
"88"	0.254	0.0053628849447309	2.14813456028788	0.998540351619947	0.592145891789041	154.721560133802	2e-05	1751.10098894179
"89"	0.412	0.00336174662453503	1.85177469462105	26.9440648222307	389.745830230301	2.27443893971154	0.000156033234426527	5344.65267044069
"90"	0.391	0.00312303892021767	1.11176712115492	232.168206903664	971.441453797201	17.5045878647915	2e-05	5143.79284288915
"91"	0.254	0.0026455881805506	1.08182348716736	1.88745766703043	63.7842494876149	0.149433732649158	2.00417615901358e-05	1760.56350483048
"92"	0.271	0.0031587293419226	2.65101275032316	0.0010000000000001	13.4382601846727	0.0105844103684167	2e-05	668.204828381213
"93"	0.252	0.00353606688220085	1.71687311723884	0.001	8.39210966696149	5.70343749371556	0.000439029087734054	1820.09754899132
"94"	0.409	0.00312233872620922	9.49010431764113	0.0127357229726929	0.0187056965808156	0.0471065086432089	2.13616777977415e-05	5393.04298005233
"95"	0.271	0.00335960283983108	17.5104676221333	0.001	0.732743808677419	0.0120548286208263	2e-05	573.990002163528
"96"	0.392	0.00364018751410527	23.4422068857117	232.124747579627	992.324468897288	0.0135345618614526	2.75804002772255e-05	5155.81617492947
"97"	0.388	9.09043873964761e-05	5.48341754000029	231.776109748614	0.357247716143777	1.25675577315006	2.94898819238898e-05	5204.88724145051
"98"	0.408	7.42341365789868e-05	20.9728547583588	24.5569195067788	0.46287987599507	0.00906404776952137	3.0463959531938e-05	5345.57466293456
"99"	0.392	0.00297795302779872	6.50049903411973	231.997255150117	26.7122455309847	16.7671192872716	2.06304382801626e-05	5144.4700173193
"100"	0.271	0.00327945980543473	8.71359103753395	0.00100000000000015	10.1577500559776	47.7059242625639	2.21400560844808e-05	625.18492956543
